0.99999954293148961705 1.2314267577297672507e-06 0
0.99999724505455844035 3.451874908974590774e-06 7.0700764101825898713e-06
0.99999257167821410762 5.8936763436523843695e-06 0
0.99998548438502844477 8.2646758831846402187e-06 1.6457727579896868107e-05
0.99997606359535184707 1.0574422019569534944e-05 0
0.99996432615388945509 1.2909075553456764658e-05 2.5859124676461858672e-05
0.99995023171426398628 1.5282341875193115793e-05 0
0.99993376586061777112 1.7644160108962205206e-05 3.5261485987198697507e-05
0.99991495265015249479 1.9980143514770018097e-05 0
0.99989380321694198787 2.2322251143509649438e-05 4.4663758128575339384e-05
0.99987030138864480086 2.4683116720196840183e-05 0
0.99984443846117119161 2.7040152172442594085e-05 5.4065682893940007199e-05
0.99981622629249578143 2.9382757237958077272e-05 0
0.99978567201168896283 3.1727770920409014504e-05 6.3467126859804422993e-05
0.9997527666355987758 3.4084154383186105124e-05 0
0.99971750440237472843 3.6438722424057497639e-05 7.2867986319027466137e-05
0.99967989261028181241 3.8783838810528511708e-05 0
0.99963993626543824646 4.1130127490785607244e-05 8.2268166716457275281e-05
0.99959762954173172436 4.3484172576774876445e-05 0
0.9995529683257070065 4.5837158787244209618e-05 9.1667576861366910725e-05
0.99950595768853224261 4.8183338590206671059e-05 0
0.99945660139840004927 5.0530146985205326581e-05 0.00010106612697302760146
0.99940489532901677168 5.2882640560461654457e-05 0
0.99935083638815074867 5.5234419162167692996e-05 0.00011046372792574375656
0.99929442837996973012 5.7580979585687114624e-05 0
0.99923567428853481652 5.9927882513353229818e-05 0.00011986029092546958274
0.99917457102532576548 6.2279154312432512886e-05 0
0.99911111618182284623 6.4629885690468244418e-05 0.00012925572735951552663
0.99904531276771386744 6.6976433903486970536e-05 0
0.99897716323884037566 6.9323153272619241345e-05 0.00013864994872198617512
0.99890666519686153013 7.1673342089620746183e-05 0
0.99883381671888259644 7.4023084410783579512e-05 0.00014804286657480799765
0.99875862028202824368 7.6369358445558656388e-05 0
0.99868107796965817762 7.8715690154561378025e-05 0.00015743439252651389306
0.99860118787195451619 8.1064842749475220796e-05 0
0.99851894842724916543 8.3413600105256585444e-05 0.000166824438220349528
0.99843436173812966381 8.5759404640003488705e-05 0
0.99834742961607997465 8.8105185330755369785e-05 0.00017621291532749252492
0.99825815051394564315 9.0453299318881089417e-05 0
0.99816652314889157271 9.2801044883235524205e-05 0.00018559973554318500629
0.9980725493505636825 9.5146221690964788146e-05 0
0.99797623072671859987 9.7491312064919524666e-05 0.00019498481058458278992
0.99787756600980437675 9.9838356721600746882e-05 0
0.99777655413886807733 0.00010218504488092894059 0.00020436805218964657904
0.99767319673923354722 0.00010452945783921056598 0
0.99756749526289887452 0.00010687373361697691572 0.00021374937211668260962
0.99745944866463181379 0.00010921966086777993329 0
0.99734905606460141355 0.00011156523402070697151 0.00022312868214429782683
0.99723631893202031221 0.00011390876091242719777 0
0.99712123859797727384 0.00011625210762491016209 0.0002325058940716253739
0.99700381419862261436 0.0001185968582544541967 0
0.99688404500521847549 0.00012094125083988911583 0.00024188091971872980444
0.9967619323658477348 0.00012328377859078267868 0
0.9966374775166862928 0.00012562608842361249196 0.00025125367092713391391
0.99651067974513824573 0.00012796959577903615515 0
0.99638153845088949652 0.00013031273677396838522 0.00026062405956042920328
0.99625005488696556551 0.00013265415854738938052 0
0.99611623021446195481 0.00013499532834786637133 0.00026999199750494470128
0.99598006384930802308 0.00013733752064936777243 0
0.99584155530213954355 0.00013967933517858438896 0.00027935739667045705673
0.99570070575080260124 0.00014201954852954501793 0
0.99555751629673633096 0.00014435947850278739701 0.00028872016899093017276
0.99541198646688488808 0.00014670028034068275476 0
0.99526411586912001138 0.0001490406907488914172 0.00029808022642527622175
0.99511390562156053549 0.00015137959641014610089 0
0.99496135677818656976 0.00015371818924014130485 0.0003074374809581322877
0.99480646896321970032 0.00015605752257670945315 0
0.99464924187083416351 0.00015839644916326482012 0.00031679184460064853179
0.99448967657163681708 0.00016073395022327066337 0
0.99432777408193621167 0.00016307111046485484397 0.00032614322939128491892
0.99416353411228232848 0.00016540889532381905445 0
0.993996956434313684 0.00016774625685897338299 0.00033549154739661434563
0.99382804208092430501 0.00017008225819097276238 0
0.99365679203870658441 0.00017241789183969119225 0.00034483671071213057761
0.99348320609569002103 0.00017475404679252526425 0
0.99330728409374462458 0.00017708976088828927656 0.00035417863146305981352
0.99312902703601472827 0.00017942416874500387349 0
0.99294843588591708461 0.00018175818292679936833 0.00036351722180517498655
0.99276551050172040265 0.00018409262544328000667 0
0.99258025078954185818 0.00018642660882517180473 0.00037285239392561213088
0.99239265772932179107 0.00018875933054550321351 0
0.99220273226673368067 0.00019109163328898049263 0.00038218406004368829931
0.99201047432429565854 0.00019342427999486024947 0
0.99181588386737153864 0.00019575644870462857567 0.00039151213241172063637
0.99161896185813352354 0.0001980873924978205462 0
0.99141970922906525985 0.00020041789256457875786 0.00040083652331584629973
0.99121812596192969534 0.00020274865943436138826 0
0.99101421207712128305 0.00020507892898370803469 0.00041015714507684298965
0.9908079685235998696 0.00020740800376815589195 0
0.99059939622450760694 0.00020973661052470286873 0.0004194739100509498967
0.9903884952166331283 0.00021206541302821096303 0
0.99017526557181791815 0.0002143936985171240051 0.00042878673063068891714
0.98995970822965935325 0.00021672081379843027087 0
0.98974182410723489781 0.00021904743711836392888 0.00043809551924568601507
0.98952161329277279145 0.00022137419033384396553 0
0.9892990759064927068 0.0002237004065429714893 0.00044740018836349263361
0.98907421288190734831 0.00022602547232064447018 0
0.98884702513283864958 0.00022835002250919453576 0.00045670065049040707557
0.98861751279588361026 0.00023067464121181470658 0
0.98838567603699401666 0.0002329987026755248406 0.00046599681817229578804
0.98815151578640765071 0.00023532162937088896543 0
0.9879150329571141059 0.00023764401710620216795 0.00047528860399541449668
0.98767622773143140158 0.00023996641583820087096 0
0.9874351003187474227 0.00024228823690308580833 0.00048457592058722914411
0.98719165164844852358 0.00024460893530311067278 0
0.98694588263479405947 0.0002469290715902290913 0.00049385868061723659397
0.98669779350352563488 0.00024924916471720520015 0
0.98644738450546325441 0.00025156865958948427323 0.00050313679679778506774
0.98619465657124403957 0.00025388704080270625331 0
0.9859396106182301301 0.00025620483693727781238 0.00051241018188489428605
0.98568224691358149944 0.00025852253869389167197 0
0.98542256574779161203 0.00026083962147825572033 0.00052167874867907528965
0.98516056805458131511 0.00026315559689998872645 0
0.98489625475602152753 0.00026547096443951771782 0.00053094241002614991828
0.98462962615893083107 0.00026778618896701326676 0
0.98436068259192488539 0.00027010077369880363164 0.0005402010788180699282
0.98408942499341407594 0.00027241425498355920902 0
0.98381585429159133649 0.00027472710572455495694 0.00054945466799373573071
0.9835399708313815951 0.00027703976710190165537 0
0.98326177497814781602 0.00027935176777404969564 0.00055870309053981473607
0.98298126767640288713 0.00028166266681360570816 0
0.98269844986171036742 0.00028397291277338631443 0.00056794625949155928814
0.9824133219157257223 0.00028628292504339796522 0
0.98212588423933514866 0.00028859225562921012622 0.00057718408793362417649
0.98183613778440230712 0.00029090048453514424801 0
0.98154408349496862125 0.00029320803793734484721 0.00058641648900088371326
0.98124972178819516471 0.00029551531512880974572 0
0.98095305309939692234 0.00029782188960143181095 0.0005956433758792483632
0.98065407838889517392 0.00030012736069121307491 0
0.98035279861019442043 0.00030243213395426490975 0.00060486466180648091561
0.98004921421486608966 0.00030473659010088334526 0
0.97974332567167145519 0.00030704032245009011272 0.00061408026007301218765
0.97943513395037419488 0.00030934294823602754932 0
0.97912464001482126177 0.00031164485396403663764 0.00062329008402275624882
0.97881184435001116679 0.00031394640312078375577 0
0.9784967474572660801 0.000316247207367599323 0.0006324940470539251567
0.97817935031667098623 0.00031854690054810113659 0
0.97785965390320244981 0.00032084585152367816484 0.00064169206261984319461
0.97753765873439993087 0.00032314440778107598074 0
0.97721336534334569103 0.00032544219799062265812 0.00065088404422976060186
0.97688677472123268961 0.0003277388714433363526 0
0.97655788785487357181 0.00033003478062202317946 0.00066006990544966678759
0.97622670529354722369 0.00033233025811870340678 0
0.97589322760136916259 0.00033462494841159515766 0.00066924955990310301938
0.97555745578134628017 0.00033691851518808840538 0
0.97521939083276287817 0.00033921129569409869421 0.00067842292127197457802
0.97487903333590973439 0.00034150360862795968277 0
0.97453638388527370788 0.00034379511319049254711 0.00068758990329736236982
0.97419144349631067125 0.00034608548651220346746 0
0.97384421318134963435 0.00034837505163525090763 0.00069675041978033398824
0.97349469355103066988 0.00035066411427345135534 0
0.97314288522960724156 0.00035295234736679392643 0.00070590438458275421632
0.97278878924555671444 0.00035523944062203292365 0
0.9724324066247705126 0.00035752570381506420763 0.00071505171162809496199
0.97207373800763259687 0.00035981143050304905533 0
0.97171278404760881783 0.00036209630647159735683 0.0007241923149022446178
0.97134954578671518895 0.00036438003321342450474 0
0.97098402426487409399 0.00036666290809110861363 0.00073332610845431683739
0.97061622015165850513 0.00036894521326082543464 0
0.97024613412923721473 0.0003712266465398559768 0.00074245300639745872041
0.96987376725363287176 0.00037350692048469089392 0
0.96949912057922355337 0.00037578632082254347701 0.00075157292290965839807
0.96912219480426114803 0.00037806511899997835455 0
0.96874299063914773834 0.00038034302412270886297 0.0007606857722345520115
0.96836150915433677766 0.00038261975914955615083 0
0.96797775141904760187 0.00038489559888359948711 0.00076979146868223007491
0.96759171815974072185 0.00038717080469573805432 0
0.96720341011461732277 0.00038944509629988595202 0.00077888992663004321586
0.96681282836894665771 0.00039171820645008011479 0
0.96641997400713976368 0.0003939903996769565422 0.0007879810605234072848
0.96602484778343095044 0.00039626192785825720119 0
0.96562745046341800353 0.00039853252069217031828 0.00079706478487660782615
0.96522778314753584403 0.00040080192016956080984 0
0.96482584693570606592 0.00040307038114703153369 0.00080614101427360390321
0.9644216426095336454 0.00040533814654548285496 0
0.96401517096163884395 0.00040760495547390422451 0.00081520966336883126913
0.96360643310794052906 0.00040987055864541476765 0
0.96319543016416122221 0.00041213520179318732737 0.00082427064688800487638
0.96278216293890181612 0.0004143991193760094819 0
0.96236663225145639659 0.00041666205938552782942 0.00083332387962892071692
0.96194883923351756803 0.00041892378078203510247 0
0.96152878501687339266 0.00042118452068287203573 0.00084236927646225698553
0.96110647043677140693 0.0004234445055419122314 0
0.9606818963388537831 0.00042570349174614139407 0.0008514067523323745587
0.96025506387085089387 0.0004279612460636271084 0
0.95982597418085760512 0.00043021799746469593217 0.0008604362222581167813
0.95939462813044174179 0.00043247396482155975055 0
0.95896102659128847836 0.00043472891246608339382 0.00086945760133360855371
0.95852517072740663526 0.00043698261456702110034 0
0.95808706170341792408 0.0004392352923814519616 0.00087847080472905471155
0.9576467004069047599 0.00044148715759240585985 0
0.95720408773530888638 0.00044373798205951819829 0.00088747574769153769062
0.95675922486913702924 0.00044598754697446218094 0
0.956312112989738456 0.0004482360662830846787 0.00089647234554581446953
0.95586275301042312782 0.00045048374484375945179 0
0.95541114585411979767 0.00045273036165702799519 0.00090546051369511278225
0.95495729271803322156 0.00045497570458637658571 0
0.9545011948004232815 0.00045721998063961153678 0.00091444016762192659336
0.9540428530400573166 0.00045946338818953200438 0
0.95358226838509681939 0.0004617057130182044556 0.00092341122288881082823
0.95311944204962704907 0.00046394674933411423443 0
0.95265437524898540695 0.00046618669755399971227 0.00093237359513917535076
0.95218706894714173467 0.00046842574988096212608 0
0.95171752411724987193 0.00047066369854423630737 0.00094132720009807818111
0.95124574199044190009 0.00047290034379266709815 0
0.95077172379928482975 0.00047513587977500104774 0.00095027195357301794603
0.95029547053271000931 0.00047737049281931656862 0
0.94981698318863584702 0.00047960398129048953089 0.00095920777145472555417
0.94933626301539275045 0.00048183615119336297627 0
0.94885331126291581371 0.00048406719070994720326 0.00096813456971795508907
0.94836812894486951216 0.00048629728056856715968 0
0.94788071708372052488 0.00048852622497907734142 0.00097705226442227391223
0.94739107694513547423 0.00049075383543653426594 0
0.94689920979654347271 0.00049298029443750669997 0.00098596077171285196884
0.94640511667612522596 0.00049520577736804312126 0
0.94590879863068984951 0.00049743009401141749299 0.00099486000782125028888
0.94541025694336553013 0.00049965306110416129705 0
0.94490949289918976284 0.00050187485572040520478 0.0010037498890662086759
0.94440650756065305216 0.00050409564814505824961 0
0.94390130199871066312 0.00050631525348077474654 0.0010126303318544325763
0.94339387751406612615 0.00050853349347248979831 0
0.94288423540946898499 0.00051075054001811012718 0.0010215012526813791214
0.94237237677152266096 0.00051296655852751244241 0
0.94185830269514100289 0.00051518136918478660032 0.0010303625681320423357
0.94134201449870596684 0.00051739479852462205421 0
0.94082351350277290194 0.00051960701349948036835 0.0010392141948817375023
0.94030280081786998736 0.00052181817485646706562 0
0.93977987756269006486 0.00052402810763797059382 0.0010480560496968846801
0.93925474507338668926 0.00052623664296308130801 0
0.93872740468840557574 0.00052844394305538186995 0.0010568880494357913638
0.9381978575420194789 0.0005306501641986936596 0
0.93766610477652794172 0.00053285513608421167528 0.0010657101110494342805
0.93713214774594009566 0.00053505869422234896212 0
0.93659598780666803314 0.0005372609963112694485 0.0010745221515822403145
0.93605762611655620278 0.00053946219435919548886 0
0.93551706384134524335 0.0005416621225092282725 0.0010833240881728665534
0.93497430235297529239 0.00054386062048137412477 0
0.93442934302589286879 0.00054605784163973526584 0.0010921158380549794491
0.93388218704134792178 0.00054825393389370144503 0
0.93333283558836271048 0.00055044873565301583372 0.0011008973185580330843
0.9327812900568758468 0.00055264209067605504933 0
0.93222755183942889759 0.0005548341481730241721 0.0011096684471080465391
0.93167162214051725086 0.00055702505212113181635 0
0.93111350217229093414 0.00055921464502226671204 0.0011184291412283803494
0.93055319334274707533 0.00056140277451169201162 0
0.92999069706257596973 0.00056358958581551606113 0.0011271793185405120502
0.92942601455936400755 0.00056577521913603544079 0
0.92885914706824029509 0.00056795952090276535781 0.0011359188967648107958
0.92829009601531357791 0.00057014234247541116874 0
0.92771886282947006361 0.00057232382525617529698 0.0011446477937213110513
0.92714544876123787195 0.00057450410582099776298 0
0.92656985506858123953 0.00057668303437175786104 0.0011533659273304853456
0.92599208319576713579 0.00057886046584855894304 0
0.92541213458991877389 0.00058103653798096720051 0.0011620732156140160808
0.92483001052436147335 0.00058321138385901931816 0
0.92424571227975500918 0.00058538485731029495164 0.0011707695766955663899
0.92365924131856509153 0.00058755681671906647361 0
0.92307059910618731355 0.00058972739628524152669 0.0011794549288015500354
0.9224797869386040229 0.00059189672574586416861 0
0.92188680611903494565 0.00059406466241554762211 0.0011881291902619003419
0.92129165812817933181 0.00059623106799378367812 0
0.92069434444973515097 0.00059839607328608281272 0.0011967922795108381552
0.92009486640220561346 0.00060055980480237782087 0
0.91949322531123849084 0.00060272212321309458615 0.0012054441150876388206
0.9188894226757959955 0.00060488289341078246766 0
0.91828345999790340472 0.00060704224293462743429 0.001214084615637398174
0.91767533861845230952 0.00060920029518677415387 0
0.91706505988539000726 0.0006113569140691808283 0.0012227136999117975375
0.91645262531596603139 0.0006135119675516286573 0
0.91583803643055312063 0.00061566558002834717089 0.0012313312867698677126
0.9152212945923021522 0.00061781787190689089031 0
0.91460240117133454352 0.00061996871020294653626 0.0012399372951787519645
0.9139813577032067316 0.00062211796585362211596 0
0.91335816572665455761 0.00062426576022329904928 0.0012485316442144679896
0.91273282662696220611 0.00062641221083241314557 0
0.91210534179630267255 0.0006285571876986257391 0.0012571142530626688591
0.91147571278855436866 0.00063070056462200469912 0
0.91084394116082761054 0.00063284246004634120761 0.0012656850410194029319
0.91021002832041677653 0.00063498298870706459037 0
0.90957397568142653157 0.0006371220235177140016 0.0012742439274918727295
0.90893578481606806613 0.00063925944104213550912 0
0.90829545729983350021 0.00064139535690731449948 0.0012827908319991927651
0.90765299456190692757 0.00064352988316076576482 0
0.90700839803820719514 0.0006456628955111045494 0.0012913256741731463215
0.90636166931928503419 0.00064779427319163302803 0
0.90571280999901786246 0.00064992412911118953711 0.0012998483737589411688
0.90506182152836143349 0.00065205257272175908366 0
0.90440870536493351377 0.00065417948243119222021 0.0013083588506159642152
0.90375346311762730374 0.00065630474005248366939 0
0.90309609639870537015 0.0006584284558701788561 0.0013168570247185350853
0.90243660668077929737 0.00066055073682870007385 0
0.90177499544305255312 0.00066267146394394465488 0.0013253428161566586166
0.90111126431276009428 0.00066479052152311629559 0
0.90044541492054602362 0.00066690801731581386909 0.001333816145136776269
0.89977744876056397323 0.00066902405584271438733 0
0.89910736733349177015 0.0006711385206409401584 0.0013422769319825164387
0.89843517228490195241 0.00067325129843044224898 0
0.89776086526381324711 0.00067536249451098626319 0.0013507250971354436709
0.89708444778580942911 0.00067747221105942013348 0
0.89640592137293306454 0.00067958033405137167509 0.001359160561155806763
0.89572528768908680005 0.00068168675254186044559 0
0.89504254840165393025 0.00068379156946195348523 0.0013675832447232857518
0.89435770504753819119 0.00068589488472091507716 0
0.8936707591700388456 0.00068799658665401633535 0.0013759930686377377784
0.89298171245137803284 0.00069009656657722708158 0
0.89229056657729055586 0.00069219492513030794915 0.0013843899538199418219
0.89159732310589150989 0.00069429176002772825001 0
0.89090198360163025657 0.00069638696188917004212 0.001392773821312342297
0.89020454976503481126 0.00069848042422078950365 0
0.88950502330017555668 0.00070057224544490959226 0.0014011445922797915074
0.88880340578627179165 0.00070266252115073552399 0
0.88809969880881770002 0.00070475114417054657599 0.0014095021880102909474
0.8873939040866306887 0.00070683801013308379571 0
0.88668602334209804586 0.00070892321531378139978 0.001417846529915731447
0.88597605817543744113 0.00071100685324303869773 0
0.88526401019308381002 0.00071308881889714070646 0.0014261775395326321501
0.88454988113212472248 0.00071516900996279563547 0
0.88383367273324306755 0.00071724752063596751148 0.001434495138522878323
0.88311538661755026082 0.00071932444245180764798 0
0.88239502441231901819 0.00072139967246505480545 0.0014427992486744579821
0.88167258787288521564 0.00072347311035858397575 0
0.88094807875820351583 0.00072554484831335351897 0.0014510897919021973371
0.88022149871017555663 0.00072761497593008509954 0
0.87949284937680986302 0.00072968339227928846639 0.0014593666902484950408
0.87876213253166623908 0.00073174999898086710677 0
0.878029349951944872 0.00073381488626244855817 0.00146762986588405524
0.87729450330023509996 0.00073587814184855356907 0
0.87655759424518019308 0.00073793966676549063902 0.001475879241108619419
0.87581862457853708548 0.00073999936451357065666 0
0.87507759609572291199 0.00074205732342612879772 0.0014841147383516970308
0.87433451047991309834 0.00074411362940726403919 0
0.873589369420285417 0.00074616818538167379605 0.0014923362801732949073
0.87284217472676480805 0.00074822089667583708922 0
0.87209292821295453743 0.00075027184978534192098 0.0015005437892646454426
0.87134163158251532867 0.00075232112884732592127 0
0.87058828654505995446 0.00075436863862988965391 0.0015087371884489335425
0.86983289492864999899 0.00075641428623369625892 0
0.8690754585650418857 0.00075845815637077219723 0.001516916400682022333
0.86831597917828158875 0.00076050033146255786657 0
0.86755445849831804458 0.00076254071806786597423 0.0015250813490531776216
0.86679089837131596442 0.00076457922501169658481 0
0.86602530064714987603 0.00076661593527446573501 0.0015332319567857911038
0.86525766707015162461 0.0007686509296110989869 0
0.86448799939050806945 0.00077068411632060397838 0.0015413681472381023085
0.86371629947245145401 0.00077271540590449640633 0
0.86294256918393735047 0.00077474487966141550945 0.0015494898439039192755
0.86216681028948469287 0.00077677261672698004767 0
0.86138902455942055262 0.00077879852709193591109 0.001557596970413337958
0.86060921387600710568 0.00078082252288841508541 0
0.85982738012524197025 0.00078284468378110575382 0.0015656894505334603439
0.85904352509173291912 0.00078486508733165419775 0
0.85825765056584999395 0.00078688364517604229373 0.0015737672081691112886
0.85746975844784576696 0.00078890027103294342082 0
0.85667985064171902987 0.00079091504297901530468 0.0015818301673635540528
0.85588792895206861499 0.00079292803704548680192 0
0.85509399518921070401 0.00079493916646892841164 0.0015898782522992045381
0.85429805127134685696 0.00079694834651221294213 0
0.85350009912043435304 0.00079895565370807948931 0.0015979113872983442155
0.85270014056096571844 0.00080096116259920394357 0
0.85189817742310680282 0.00080296478797985958346 0.0016059294968238317367
0.85109421164296493398 0.00080496644661642365225 0
0.85028824516041143598 0.00080696621354011014376 0.0016139325054798132253
0.84948027981973552344 0.00080896416184529916658 0
0.8486703174708565498 0.00081096020784275476391 0.0016219203380124312385
0.84785836006774263605 0.0008129542697632297889 0
0.8470444095681330059 0.00081494642117717334933 0.0016298929193105323939
0.84622846783601686684 0.00081693673376939802721 0
0.84541053674097117293 0.00081892512532753803469 0.0016378501744063736542
0.84459061825477816308 0.0008209115155090831771 0
0.84376871435299716358 0.00082289597646292447571 0.0016457920284763272638
0.84294482691922094221 0.00082487857850158002825 0
0.84211895784258836748 0.00082685924085144754148 0.0016537184068415843296
0.84129110911264747112 0.0008288378845605337462 0
0.84046128272272828106 0.00083081458039390011878 0.0016616292349688570408
0.83962948057593091184 0.00083278939732765750937 0
0.83879570458086063594 0.00083476225599030143762 0.00166952443847107952
0.83795995674478135096 0.00083673307878548678661 0
0.83712223907874282714 0.00083870193513076652169 0.001677403943108107299
0.83628255350525649002 0.00084066889270041106919 0
0.83544090195229864252 0.00084263387348972039824 0.0016852676747874154134
0.83459728644479756487 0.00084459680122441652298 0
0.83375170901147029481 0.00084655774400952406799 0.0016931155595647951097
0.83290417159414367218 0.00084851676825078109644 0
0.83205467614006975758 0.00085047379727630627125 0.0017009475236450491562
0.83120322469178821719 0.00085242875610153558223 0
0.83034981929562940673 0.00085438171155266743657 0.0017087634933826857546
0.8294944619126397865 0.00085633272879901498894 0
0.82863715450925196861 0.00085828173246877643413 0.0017165633952826110423
0.82777789914556253591 0.00086022864883591993647 0
0.82691669788545977646 0.00086217354348030100849 0.0017243471560008201813
0.8260535527091140459 0.00086411648036576964111 0
0.82518846560204333643 0.00086605738538905342829 0.0017321147023450870267
0.82432143864184524422 0.00086799618605258890249 0
0.82345247390990920462 0.0008699329467212091169 0.0017398659612756523665
0.82258157340543378028 0.00087186773018316878222 0
0.82170873913292717668 0.00087380046357330944495 0.00174760085990591073
0.82083397318743070272 0.00087573107559353978119 0
0.8199572776677767912 0.00087765962942388073198 0.0017553193255030957536
0.81907865459209653034 0.00087958618670581474934 0
0.81819810598379314857 0.00088151067578296523925 0.0017630212854889641021
0.81731563395529300436 0.00088343302652873672202 0
0.81643124062281204657 0.00088535330096748817389 0.0017707066674404779358
0.81554492802331818619 0.00088727155962175428083 0
0.81465669819901443427 0.00088918773201564305152 0.0017783753990904859184
0.81376655327965220626 0.00089110174916705339919 0
0.81287449539877018561 0.00089301367197281944794 0.0017860274083284027593
0.81198052661207735541 0.00089492355986339791764 0
0.8110846489804811942 0.00089683134351607311683 0.0017936626232008872833
0.81018686465099688388 0.0008987369550671690882 0
0.80928717577442379082 0.00090064045431316379709 0.0018012809719125190226
0.80838558442511614697 0.0009025418996183926018 0
0.80748209268259048497 0.00090444122278695334673 0.0018088823828264733222
0.8065767027110631947 0.00090633835704841773286 0
0.80566941667853103219 0.00090823336112515006835 0.0018164667844651949558
0.80476023667789755904 0.00091012629234044706287 0
0.80384916480719282842 0.00091201708359976176874 0.0018240341055110702429
0.80293620324777064038 0.00091390566920158959493 0
0.80202135418476063301 0.00091579210681953749089 0.0018315842748070976623
0.80110461972951966038 0.00091767645276010958538 0
0.8001860019984956219 0.0009195586410055213118 0.0018391172213575569553
0.79926550319011471788 0.00092143860689968507999 0
0.79834312550657377245 0.00092331640709195846487 0.0018466328743286767123
0.79741887107758675654 0.00092519209689549775151 0
0.79649274203792358138 0.00092706561134551652806 0.0018541311630493004368
0.79556474060301665146 0.00092893688680862033535 0
0.79463486899206311752 0.00093080597893361296174 0.0018616120170115510799
0.79370312935303773385 0.00093267294206297975563 0
0.79276952383893641071 0.00093453771226196184332 0.0018690753658714940398
0.79183405468213039958 0.00093640022689788421717 0
0.7908967241187491785 0.00093826054064191413776 0.0018765211394497986196
0.78995753431493177564 0.00094011870688780688869 0
0.78901648744180389214 0.00094197466270862093099 0.0018839492677323979371
0.78807358574860713174 0.00094382834645114622615 0
0.78712883148833418349 0.00094567981183108476445 0.0018913596808711472809
0.7861822268451916469 0.00094752911131469679269 0
0.78523377400833859431 0.00094937618296137680618 0.0018987523091844809062
0.78428347524381737235 0.00095122096607681501276 0
0.78333133282141366953 0.00095306351344270408094 0.0019061270831580672643
0.78237734894330474495 0.00095490387661836708693 0
0.78142152581658639611 0.00095674199462875223906 0.001913483933445462659
0.78046386572403101011 0.00095857780771854705498 0
0.77950437095214598901 0.00096041136775620467478 0.0019208227908687633255
0.77854304372098211568 0.0009622427254140189699 0
0.77757988625547502592 0.00096407182066238008843 0.0019281435864192559231
0.77661490085505537301 0.00096589859466570511326 0
0.77564808982287993216 0.00096772309839931899971 0.0019354462512580664379
0.7746794553967756359 0.00096954538166777040251 0
0.77370899981942081767 0.00097136538536742315886 0.0019427307167168074884
0.77273672540683157052 0.00097318305156376606948 0
0.77176263447874066732 0.00097499843035847513998 0.0019499969142982240274
0.77078672929065356462 0.00097681157070703848004 0
0.76980901210289388642 0.00097862241441294318664 0.0019572447756768374356
0.76882948524798930643 0.00098043090442467775828 0
0.76784815106217420295 0.00098223708998914143314 0.0019644742326995879989
0.76686501181853466699 0.00098404101923087060243 0
0.76588006979494192802 0.00098584263484221856199 0.0019716852173864757651
0.76489332734036036695 0.00098764188063716440148 0
0.76390478680745057641 0.00098943880502611956452 0.0019788776619311997736
0.76291445048678111669 0.00099123345532022405418 0
0.76192232067367284865 0.00099302577508301039721 0.0019860514987017956508
0.76092839973345099055 0.00099481570897698025781 0
0.75993269003512597629 0.0009966033045937857485 0.0019932066602412715667
0.75893519388665038377 0.00099838860844819360733 0
0.75793591360069643205 0.0010001715649577765523 0.0020003430792682425467
0.75693485155887332738 0.0010019521196171111024 0
0.75593201014646400656 0.0010037303192162796135 0.0020074606886775631311
0.75492739168870631672 0.0010055062094901867626 0
0.75392099851552525313 0.0010072797356938332321 0.002014559421540958378
0.75291283302473619777 0.0010090508441379231524 0
0.75190289761781630247 0.0010108195808276404095 0.0020216392111076532034
0.75089119463718962892 0.0010125859907340462462 0
0.74987772642993504886 0.0010143500199334637704 0.0020286999908050000513
0.74886249540999536082 0.0010161116155372590567 0
0.74784550399496270946 0.0010178708227818901582 0.0020357416942391048896
0.7468267545443480012 0.0010196276858901193812 0
0.74580624942228475849 0.0010213821517439742199 0.0020427642551954515247
0.74478399105876350541 0.0010231341682404805707 0
0.74375998188741123796 0.0010248837798630633692 0.0020497676076395242297
0.74273422428472601385 0.0010266310301012739553 0
0.74170672063179644657 0.0010283758666276953667 0.00205675168571742868
0.74067747337458017793 0.0010301182381104575376 0
0.73964648496265800856 0.0010318581882951829455 0.0020637164237565111901
0.73861375778941512273 0.0010335957599528602075 0
0.73757929425279532417 0.001035330901531930794 0.0020706617562659762465
0.73654309681464186196 0.0010370635624575028011 0
0.73550516794040740338 0.0010387937857521819046 0.0020775876179375023304
0.73446551004026389588 0.0010405216134826185595 0
0.73342412552891008476 0.0010422469948588506163 0.002084493943645856025
0.73238101688399242715 0.0010439698800492526758 0
0.731336186586752641 0.0010456903113677705449 0.0020913806684495044003
0.73028963706404872831 0.0010474083301905327191 0
0.72924137074723377299 0.0010491238864753305138 0.0020982477275912256714
0.72819139012967416568 0.0010508369311204926033 0
0.72713969770831699402 0.0010525475057452486848 0.0021050950564987181231
0.72608629592660525424 0.0010542556510486277847 0
0.72503118723244540598 0.0010559613177227356936 0.0021119225907852072963
0.72397437413483963636 0.0010576644573829276244 0
0.72291585914635586929 0.0010593651109672626097 0.0021187302662500514289
0.72185564472692067757 0.0010610633185107129827 0
0.72079373334089256814 0.001062759031426649409 0.0021255180188793451473
0.71973012751282453779 0.0010644522020348973013 0
0.71866482977081997302 0.0010661428706055063584 0.0021322857848465214018
0.71759784259118724268 0.0010678310765220686709 0
0.71652916845463520219 0.0010695167719065456709 0.00213903350051295164
0.71545880990118183358 0.001071199909771034722 0
0.71438676947437978378 0.0010728805297303669864 0.0021457611024285442135
0.71331304966681706937 0.0010745586705290772443 0
0.71223765297545082045 0.0010762342849854057849 0.0021524685273323410114
0.711160581955677354 0.0010779073267918692257 0
0.71008183916641155828 0.0010795778349205134443 0.0021591557121531123157
0.70900142711641857694 0.0010812458474887975801 0
0.70791934831880136166 0.0010829113179992783531 0.0021658225940099498722
0.70683560534424709982 0.0010845742008133724873 0
0.70575020076694509609 0.0010862345342724287109 0.002172469110212858172
0.70466313711173472398 0.0010878923558784826623 0
0.7035744169077619205 0.001089547619806782379 0.0021790951982633439378
0.70248404274091647575 0.0010912002810764476011 0
0.70139201720057349102 0.0010928503774098848234 0.0021857007958550038097
0.70029834282754329196 0.001094497945705040028 0
0.69920302216691157803 0.0010961429407985531176 0.0021922858408741102243
0.69810605781968168217 0.0010977853183563608089 0
0.6970074523903250981 0.0010994251154933604499 0.0021988502714001954821
0.69590720843551944195 0.0011010623685144346794 0
0.6948053285161865629 0.0011026970329066303149 0.0022053940257066339981
0.69370181524835349517 0.0011043290649721155149 0
0.69259667125149794671 0.0011059585012294006497 0.0022119170422612227293
0.69148989909806077538 0.0011075853774010341074 0
0.69038150136469597443 0.0011092096496137884825 0.0022184192597267597736
0.6892714806823636666 0.0011108312747957682379 0
0.68815983968545683187 0.0011124502888799184703 0.0022249006169616211364
0.68704658096207513097 0.0011140667270168950765 0
0.68593170710450030028 0.0011156805459628088567 0.0022313610530203356562
0.68481522075853417699 0.0011172917032616861477 0
0.68369712457339331678 0.0011189002342714380326 0.0022378005071541580876
0.68257742115273135175 0.00112050617358099182 0
0.68145611310435296269 0.001122109478565692691 0.0022442189188116403333
0.68033320308880957578 0.0011237101073757458397 0
0.67920869377004888153 0.001125308094804278756 0.0022506162276392008215
0.6780825877671732569 0.0011269034748883853 0
0.67695488770340512858 0.0011284962056128155367 0.0022569923734816920218
0.67582559625395264452 0.0011300862457244729994 0
0.6746947160974014539 0.0011316736294616803797 0.0022633472963829660968
0.6735622498681970551 0.0011332583903193331863 0
0.67242820020487402051 0.0011348404868820221656 0.0022696809365864386804
0.67129256979720362021 0.0011364198784841226159 0
0.67015536133831555987 0.0011379965988188684369 0.0022759932345356507817
0.669016577477892437 0.0011395706808483402118 0
0.66787622086967496634 0.001141142083747661793 0.0022822841308748288054
0.66673429421790321722 0.0011427107674296994004 0
0.66559080023015633253 0.001144276765052059841 0.0022885535664494426858
0.66444574157124758622 0.0011458401090531485643 0
0.6632991209100174275 0.0011474007591895632594 0.0022948014823067621287
0.6621509409650796878 0.0011489586759439180709 0
0.66100120445836761966 0.0011505138919474082472 0.0023010278196964109553
0.65984991406971834911 0.0011520664391236679763 0
0.6586970724829652463 0.0011536162778019498345 0.0023072325200709195436
0.65754268243100016216 0.0011551633690261031681 0
0.65638674665001443157 0.0011567077449098888508 0.0023134155250862753614
0.65522926783476180547 0.0011582494368708451762 0
0.65407024868396135492 0.0011597884058022933069 0.0023195767766024715869
0.65290969194468651085 0.0011613246133010280643 0
0.65174760036728997192 0.0011628580909721222912 0.0023257162166840538103
0.65058397666133448317 0.0011643888697354723693 0
0.64941882354031718926 0.0011659169110401070255 0.0023318337876006648124
0.64825214376539597326 0.0011674421770276928362 0
0.647083940100987496 0.0011689646988031373285 0.0023379294318275874141
0.64591421527135546146 0.0011704845067969344147 0
0.64474297200466705287 0.0011720015630056775629 0.002344003092046285393
0.64357021307606679744 0.0011735158301080406693 0
0.64239594126393724171 0.0011750273387170719635 0.0023500547111449424607
0.64122015930713460859 0.0011765361187818943711 0
0.64004286994838767683 0.001178042132838734671 0.0023560842322189992961
0.6388640759767291378 0.0011795453440956124668 0
0.63768378018440868034 0.0011810457826818126748 0.0023620915985716886307
0.6365019853247662012 0.0011825434780729170839 0
0.63531869415498322339 0.0011840383933370592027 0.0023680767537145683787
0.6341339094778814585 0.0011855304922041393374 0
0.6329476340994783352 0.001187019804327571448 0.0023740396413680528093
0.63175987078748817371 0.0011885063587170304893 0
0.63057062231343598197 0.0011899901189650286752 0.0023799802054619417548
0.62937989149383269168 0.0011914710493160726388 0
0.62818768114836341751 0.001192949178955400275 0.0023858983901359478493
0.62699399405900724763 0.0011944245364342243137 0
0.62579883301152300767 0.0011958970858621001541 0.0023917941397402217941
0.62460220083601040091 0.0011973667919910512567 0
0.62340410036572153043 0.0011988336835456428025 0.002397667398835875644
0.62220453439679019187 0.0012002977886258858482 0
0.62100350572909895376 0.0012017590718512301385 0.0024035181121955041103
0.61980101720623520165 0.0012032174984743057989 0
0.6185970716749166931 0.0012046730967663228136 0.0024093462248037038748
0.61739167194532146623 0.0012061258943831724822 0
0.61618482083134535064 0.0012075758564472311291 0.00241515168185759091
0.61497652118996169153 0.0012090229487049993911 0
0.61376677588125193809 0.0012104671989814692262 0.002420934428767315802
0.61255558772932750184 0.0012119086344953206786 0
0.61134295956198658535 0.0012133472208650645667 0.0024266944111565770692
0.61012889424948614486 0.0012147829243245047586 0
0.60891339466516873667 0.0012162157722593772948 0.0024324315748631324732
0.60769646364696787332 0.0012176457914578910812 0
0.60647810403647283665 0.0012190729480280698278 0.0024381458659393083173
0.60525831871712122674 0.0012204972086846172829 0
0.60403711057541350786 0.001221918600380805707 0.0024438372306525067265
0.60281448246299361872 0.0012233371494809494421 0
0.60159043723513022222 0.0012247528225761289672 0.0024495056154857109065
0.60036497778833798343 0.001226165586855703726 0
0.59913810702217146813 0.0012275754688471092653 0.0024551509671379883738
0.59790982780187296471 0.0012289824944971830619 0
0.59668014299627841542 0.0012303866308737669013 0.0024607732325249921552
0.59544905551487536716 0.0012317878456347863128 0
0.59421656827016808006 0.0012331861648883068475 0.0024663723587794599504
0.5929826841408847154 0.0012345816141699524376 0
0.59174740600931599076 0.0012359741610181867264 0.0024719482932517112532
0.59051073679781755418 0.0012373637735535618709 0
0.58927267943173835949 0.0012387504774710843457 0.0024775009835101424263
0.58803323680317956472 0.001240134297901277815 0
0.58679241180777375788 0.0012415152028472398703 0.0024830303773417197268
0.58555020738063931689 0.0012428931608863557234 0
0.58430662645986430173 0.0012442681973067322795 0.0024885364227524702746
0.58306167195080959328 0.0012456403368397603463 0
0.58181534676233634547 0.0012470095479473307766 0.0024940190679679709626
0.58056765384221971116 0.0012483757996580100376 0
0.57931859614118068883 0.001249739116859017787 0.0024994782614338353016
0.57806817657772621181 0.0012510995238884375529 0
0.57681639807383229762 0.0012524569896612558249 0.0025049139518161981961
0.57556326358982434202 0.0012538114836517063314 0
0.57430877608894954086 0.0012551630303519906974 0.0025103260880021986467
0.57305293850274681477 0.0012565116537125727999 0
0.57179575376619294616 0.0012578573230959761904 0.0025157146191004603746
0.57053722485205647135 0.001259200008416721844 0
0.56927735473600347558 0.0012605397337777233913 0.0025210794944415703629
0.56801614636249040838 0.0012618765227473784887 0
0.56675360267938032394 0.0012632103451303243532 0.0025264206635785553113
0.56548972667177723301 0.0012645411712761194793 0
0.56422452132765824178 0.0012658690249039841585 0.0025317380762873559984
0.56295798960428247904 0.0012671939292056726763 0
0.56169013446228438495 0.001268515854422643964 0.002537031682567299549
0.56042095889899522133 0.0012698347713343710316 0
0.55915046591459469302 0.0012711507032818437633 0.0025423014326415695994
0.55787865847902936882 0.001272463673085468835 0
0.55660553956558979853 0.0012737736514183627813 0.0025475472769576743595
0.55533111218372572083 0.0012750806094849134088 0
0.55405537934571046931 0.0012763845702532149335 0.0025527691661879125638
0.55277834403406242618 0.0012776855561774984654 0
0.55150000923461258584 0.0012789835383574983937 0.0025579670512298373099
0.55022037796881984533 0.0012802784884176375666 0
0.54893945326094165585 0.0012815704289583244878 0.0025631408832067177781
0.54765723810595220094 0.0012828593820726662807 0
0.54637373550210686824 0.0012841453192820964454 0.0025682906134679988291
0.54508894848276385653 0.0012854282126263098743 0
0.54380288008405468854 0.0012867080843431178216 0.0025734161935897584747
0.54251553331329295385 0.0012879849561694376819 0
0.54122691118104199784 0.0012892588000436010851 0.0025785175753751632173
0.5399370167324489326 0.001290529588415925631 0
0.53864585301540877759 0.0012917973431665954723 0.002583594710854921254
0.5373534230494577522 0.0012930620856811582454 0
0.53605972985735034216 0.0012943237883101573601 0.0025886475522877335418
0.53476477649591165897 0.0012955824239099944573 0
0.53346856602468912142 0.0012968380140080814887 0.0025936760521607427178
0.53217110147532442383 0.0012980905796433049482 0
0.53087238588264599554 0.0012993400935738452828 0.0025986801631899798721
0.52957242231504551419 0.0013005865290577572876 0
0.52827121384361118403 0.0013018299072744233314 0.0026036598383208091685
0.52696876351197264328 0.0013030702489206688583 0
0.52566507436691469122 0.0013043075271578452947 0.0026086150307283703078
0.5243601494882836251 0.0013055417156413346911 0
0.52305399195859631044 0.0013067728352071230324 0.0026135456938180188319
0.52174660483335242465 0.0013080009062144690186 0
0.52043799117117518892 0.0013092259022235348611 0.0026184517812257642619
0.51912815406325306651 0.0013104477972828062546 0
0.51781709660341895561 0.0013116666118893993466 0.0026233332468187060677
0.51650482185892429704 0.001312882366069397259 0
0.5151913329001124142 0.0013140950337775159266 0.0026281900446954674652
0.51387663282940098166 0.0013153045894512207575 0
0.51256072475182580335 0.0013165110532531806306 0.0026330221291866270352
0.51124361174627143927 0.00131771444488059367 0
0.50992529689468262642 0.0013189147386785729702 0.0026378294548551481626
0.50860578331059280082 0.0013201119094695368797 0
0.50728507411012705288 0.0013213059770860281831 0.0026426119764968062895
0.50596317238368405186 0.0013224969609005524757 0
0.50464008122469089354 0.0013236848356445613952 0.0026473696491406139791
0.50331580375768283649 0.0013248695765214941765 0
0.50199034310976015178 0.0013260512030379897898 0.0026521024280492437873
0.50066370238271624516 0.0013272297342459580473 0
0.49933588468134115307 0.0013284051452592259967 0.0026568102687194489358
0.49800689314105753451 0.0013295774116584140664 0
0.49667673089982625485 0.0013307465526283832123 0.0026614931268824817855
0.49534540107071572352 0.0013319125869044507988 0
0.49401290676975913912 0.0013330754899789492494 0.0026661509585045101038
0.49267925114315166168 0.001334235237805930573 0
0.49134443733959968976 0.0013353918492525093685 0.0026707837197870311237
0.49000846848332654658 0.0013365453427413227116 0
0.48867134770148845702 0.0013376956941394291621 0.0026753913671672833892
0.48733307815093771133 0.0013388428797706505696 0
0.48599366299101071117 0.0013399869181882949498 0.002679973857318656385
0.48465310535696524964 0.0013411278275061422352 0
0.48331140838696008766 0.0013422655839622864468 0.0026845311471510979447
0.48196857524838880926 0.0013434001642467432749 0
0.48062460911110182605 0.0013445315866028642261 0.0026890631938115194352
0.47927951312127060602 0.0013456598688393083152 0
0.47793329042793560473 0.0013467849875616007559 0.0026935699546841987126
0.4765859442089154037 0.0013479069198224587523 0
0.47523747764445797396 0.001349025683559039793 0.0026980513873911808464
0.47388789389152731558 0.0013501412962785333021 0
0.47253719610992438918 0.0013512537349503757387 0.0027025074497926766074
0.4711853874877760236 0.0013523629769865751683 0
0.46983247121561084703 0.0013534690400217720136 0.0027069380999874587164
0.46847845046106390409 0.0013545719412652544974 0
0.46712332839457512616 0.0013556716580469326767 0.00271134329631325585
0.46576710821446239081 0.0013567681681347745665 0
0.46440979312141763527 0.0013578614888644969164 0.0027157229973471443987
0.46305138629362511971 0.001358951637150974095 0
0.46169189091204187041 0.0013600385906812324551 0.002720077161905937975
0.46033131018505917253 0.0013611223275759469175 0
0.45896964732341448395 0.001362202864875422308 0.0027244057490465746668
0.45760690551571911322 0.00136328021920352728 0
0.45624308795332496743 0.0013643543686011256343 0.0027287087180665020332
0.45487819785457866137 0.0013654252915384222087 0
0.45351223844014495055 0.001366493004763741865 0.0027329860285040598383
0.45214521290893968992 0.0013675575246132782491 0
0.45077712446258711848 0.0013686188294785303848 0.0027372376401388605207
0.44940797632927067143 0.0013696768981761303379 0
0.44803777173946374996 0.0013707317471657769714 0.0027414635129921673928
0.44666651390226392204 0.0013717833924992439202 0
0.44529420602944487827 0.0013728318129155380543 0.0027456636073272705694
0.44392085135890793951 0.0013738769875746885805 0
0.44254645313081607734 0.0013749189326510460708 0.0027498378836498606196
0.44117101456432541132 0.0013759576639151450986 0
0.4397945388812358755 0.0013769931604504461366 0.0027539863027083999393
0.43841702932904732175 0.0013780254017574164006 0
0.43703848915749279891 0.0013790544037282613046 0.0027581088254944918412
0.43565892159566349233 0.0013800801818553848754 0
0.43427832987526204698 0.0013811027155637184155 0.0027622054132432473587
0.43289671725326707665 0.0013821219846912773796 0
0.43151408698886180228 0.0013831380048512522107 0.0027662760274336497593
0.43013044232094866821 0.001384150791260954031 0
0.42874578649100917698 0.0013851603236838720596 0.0027703206297889167653
0.42736012276538052658 0.0013861665822927480395 0
0.42597345441257579821 0.0013871695824248162608 0.0027743391822768604783
0.42458578468118457104 0.0013881693390252632215 0
0.42319711682234303472 0.0013891658321932914464 0.002778331647110245003
0.42180745411162639055 0.0013901590424336133395 0
0.42041679982675686702 0.0013911489848104960148 0.0027822979867471417677
0.41902515722588674034 0.0013921356739999017308 0
0.41763252956968240331 0.0013931190904339684973 0.0027862381638912825391
0.41623892014283608197 0.0013940992149466886282 0
0.41484433223215804366 0.0013950760623322826772 0.0027901521414924101257
0.41344876910523851379 0.0013960496470003225688 0
0.41205223403214929455 0.0013970199497131693068 0.0027940398827466267693
0.41065473030657826611 0.0013979869516314678364 0
0.40925626122430223619 0.0013989506672822458382 0.0027979013510967402185
0.40785683006222432517 0.0013999111108114537045 0
0.40645644009969664496 0.0014008682633090268534 0.002801736510232607484
0.40505509463928097265 0.0014018221062596976973 0
0.40365279698559877327 0.0014027726539260891902 0.002805545324091476269
0.40224955042474070553 0.0014037199201932352216 0
0.40084535824521378905 0.0014046638864760595822 0.0028093277568583240753
0.39944022375833155961 0.0014056045345808777858 0
0.39803415027743787743 0.0014065418785086320102 0.0028130837729661949783
0.39662714109768528416 0.0014074759318860821878 0
0.39521919951661000673 0.0014084066764506156505 0.0028168133370965340703
0.39381032885415482583 0.0014093340943276861679 0
0.39240053243226336119 0.0014102581992592162002 0.0028205164141795195677
0.39098981355502408704 0.0014111790046162730344 0
0.38957817552887644277 0.0014120964924562426319 0.0028241929693943925797
0.38816562168226957006 0.0014130106452213304591 0
0.38675215534562384434 0.0014139214763970386854 0.0028278429681697845341
0.38533777983183743107 0.0014148289991012632413 0
0.38392249845612669665 0.0014157331957089824777 0.0028314663761840422592
0.3825063145553238952 0.0014166340489768240869 0
0.38108923146820279134 0.0014175315721364089666 0.002835063159365550717
0.37967125251634471335 0.0014184257780549241286 0
0.37825238102361638244 0.0014193166494225915358 0.0028386332838930533849
0.37683262033510955754 0.0014202041693081875628 0
0.37541197379782766863 0.0014210883506919316313 0.0028421767161959702838
0.37399044474190839528 0.0014219692061927065581 0
0.37256803649974195867 0.0014228467188136854304 0.0028456934229547136489
0.3711447524245556611 0.0014237208719335745648 0
0.36972059587145852233 0.0014245916782836136268 0.0028491833711010012403
0.36829557017901748248 0.0014254591502367293491 0
0.36686967868801912921 0.0014263232711068086097 0.0028526465278181672904
0.36544292475970199847 0.0014271840245803226396 0
0.36401531175715627774 0.0014280414231418961054 0.0028560828605414710857
0.36258684302725080189 0.0014288954789207922193 0
0.36115752191904111689 0.0014297461755394283706 0.0028594923369584031789
0.35972735180165233978 0.0014305934969899283343 0
0.3582963360460310627 0.0014314374555126106495 0.0028628749250089892305
0.35686447800722037833 0.0014322780629953130598 0
0.35543178104241711232 0.0014331153033668531721 0.0028662305928860914743
0.35399824852850797272 0.0014339491609229465696 0
0.35256388384417085764 0.0014347796476618596937 0.0028695593090357078067
0.35112869035249521369 0.0014356067752321893599 0
0.34969267141869120111 0.0014364305278670750533 0.0028728610421572684948
0.34825583042728179683 0.0014372508901638140708 0
0.34681817076455077597 0.0014380678738808209572 0.0028761357612039305018
0.34537969580150577238 0.0014388814904295835995 0
0.34394040891124207345 0.0014396917243455359726 0.002879383435382869427
0.34250031348579327624 0.001440498560525596676 0
0.34105941291892327906 0.0014413020104904757081 0.0028826040341555690561
0.33961771058942947752 0.0014421020854166324267 0
0.33817520987816382073 0.0014428987701398178908 0.0028857975272381085212
0.33673191418454455575 0.0014436920498546603405 0
0.3352878269096896308 0.0014444819358462606796 0.0028889638846014470666
0.33384295144005752327 0.0014452684390580794465 0
0.33239729116412812458 0.0014460515446242564188 0.0028921030764717064173
0.33095084948857804583 0.001446831238035265665 0
0.32950362982175289764 0.0014476075303426434663 0.002895215073330450749
0.32805563555764330895 0.0014483804322588314439 0
0.32660687009222814441 0.0014491499292144778593 0.0028982998459149642556
0.32515733683931578262 0.001449916006994085772 0
0.32370703921435280037 0.0014506786764176212243 0.0029013573652185263121
0.32225598061873280178 0.0014514379479684378709 0
0.32080416445580441026 0.0014521938073718594696 0.0029043876024906842307
0.31935159414638087019 0.0014529462407046473617 0
0.31789827311288272483 0.0014536952585571425105 0.0029073905292375236068
0.31644420476397713535 0.00145444087118549343 0
0.31498939251025302832 0.0014551830646079127792 0.002910366117221936253
0.31353383977940131233 0.0014559218251916947809 0
0.31207755000068919933 0.0014566571632994520909 0.002913314338463885718
0.31062052658992775189 0.0014573890889619635863 0
0.30916277296481650732 0.0014581175884885897964 0.0029162351652406703884
0.30770429255979654242 0.0014588426485354769389 0
0.30624508881085414723 0.0014595642792393585566 0.0029191285700871841706
0.3047851651408143969 0.0014602824904074328476 0
0.3033245249743575146 0.0014609972686385119422 0.0029219945257961747508
0.30186317175254696017 0.0014617086008759569116 0
0.30040110891796022373 0.0014624164970324245868 0.0029248330054184994302
0.29893833990030627535 0.0014631209666932756516 0
0.29747486813111587109 0.0014638219967451215529 0.0029276439822633785324
0.29601069705794678483 0.0014645195744169440734 0
0.29454583012983954667 0.0014652137093990797007 0.0029304274298986463829
0.29308027078325667944 0.0014659044110567497041 0
0.29161402245644909544 0.0014665916665627557941 0.0029331833221509998553
0.29014708860334053512 0.0014672754634301486021 0
0.2886794726793061316 0.0014679558111286553438 0.0029359116331062444843
0.28721117812743139834 0.0014686327188050116128 0
0.28574220839255680784 0.0014693061739166428343 0.0029386123371095381419
0.28427256693484344655 0.0014699761642591582056 0
0.28280225721587234219 0.0014706426990833421569 0.0029412854087656322747
0.28133128268522122098 0.0014713057873190546677 0
0.27985964679418930485 0.0014719654167068201265 0.0029439308229391107008
0.27838735300904613776 0.0014726215753233369181 0
0.27691440479744966743 0.0014732742722020692789 0.0029465485547546259626
0.27544080561533884384 0.0014739235160575686181 0
0.27396655892034061708 0.001474569294911974651 0.0029491385795971332349
0.27249166818470383771 0.0014752115971216458223 0
0.27101613688203413791 0.001475850431504305538 0.0029517008731121217846
0.26953996847450049568 0.0014764858065607213026 0
0.26806316642592636218 0.0014771177105932049755 0.0029542354112058439816
0.26658573421441048636 0.0014777461322363855513 0
0.26510767531937669376 0.0014783710800937823873 0.0029567421700455418562
0.26362899320909259247 0.001478992562453861988 0
0.26214969135344670615 0.0014796105678977049894 0.0029592211260596712038
0.26066977323625802207 0.0014802250853368604309 0
0.25918924234263881774 0.0014808361231621384455 0.0029616722559381232326
0.25770810214682373564 0.0014814436894511462801 0
0.25622635612463474654 0.0014820477730623691753 0.0029640955366324437529
0.25474400776548116932 0.0014826483631829641241 0
0.25326106056003374709 0.0014832454679924855061 0.0029664909453560499065
0.25177751798836236781 0.0014838390953590824685 0
0.25029338353209063169 0.0014844292344173192819 0.0029688584595844444332
0.24880866068608804116 0.0014850158746286866426 0
0.24732335294645357879 0.0014855990239628958794 0.0029711980570554274732
0.24583746379896040059 0.0014861786900799991714 0
0.24435099673090173066 0.0014867548623893522641 0.0029735097157693059029
0.24286395524247687098 0.0014873275306255425942 0
0.24137634283508258301 0.0014878967025498109382 0.0029757934139891002022
0.23988816300006312922 0.0014884623856154341528 0
0.23839941923024916903 0.0014890245695053093628 0.0029780491302407488518
0.23691011503103918914 0.001489583244225920536 0
0.23542025390899704016 0.0014901384173313707369 0.0029802768433133102578
0.23392983936090575004 0.0014906900960694441809 0
0.2324388748850010463 0.001491238270395366196 0.0029824765322591622023
0.23094736399174976012 0.0014917829305863533085 0
0.22945531019275191766 0.0014923240839906645808 0.0029846481763941988184
0.22796271699009679645 0.0014928617376518358067 0
0.22646958788729265103 0.0014933958817962437385 0.0029867917552980250862
0.22497592639974359665 0.0014939265069707092275 0
0.22348173604395470268 0.0014944536203189024216 0.0029889072488141488505
0.22198702032718881025 0.0014949772286813169382 0
0.22049178275809399053 0.0014954973225543400688 0.0029909946370501703558
0.21899602685688036744 0.0014960138927533040123 0
0.21749975614482670799 0.001496526946218506961 0.0029930539003779692986
0.21600297413423656526 0.0014970364895885690944 0
0.21450568433876495206 0.0014975425136287827648 0.0029950850194338893942
0.21300789028329651603 0.0014980450094219333355 0
0.21150959549375216805 0.0014985439837061263454 0.0029970879751189204574
0.21001080348734316069 0.0014990394429192402218 0
0.20851151778259841347 0.0014995313780944018362 0.0029990627485988779939
0.20701174190894540836 0.0015000197805808258783 0
0.20551147939681544356 0.0015005046569155673393 0.0030010093213045803019
0.20401073376819430243 0.0015009860133368579609 0
0.20250950854635162104 0.0015014638411446230773 0.0030029276749320230818
0.20100780726512582725 0.0015019381319535167817 0
0.19950563345932665238 0.0015024088921006488653 0.0030048177914425515522
0.19800299065558109041 0.001502876127625663254 0
0.19649988238176615332 0.0015033398300942817362 0.0030066796530630300711
0.19499631217599913252 0.0015037999913856413843 0
0.19349228357733604592 0.0015042566176379758061 0.0030085132422860092601
0.19198780011691163119 0.0015047097146933641874 0
0.19048286532707678978 0.0015051592743823563906 0.0030103185418698906302
0.18897748275009540571 0.0015056052888476491423 0
0.1874716559291374499 0.0015060477640296329612 0.0030120955348390887083
0.18596538839971179473 0.0015064867055738099639 0
0.18445868369850960363 0.0015069221055746229299 0.0030138442044841906616
0.18295154537180889899 0.0015073539564374376299 0
0.18144397696676108925 0.0015077822639057990592 0.0030155645343621134196
0.17993598202311543526 0.0015082070334295849056 0
0.17842756408176959871 0.0015086282573662285427 0.0030172565082962582916
0.17691872669288310799 0.0015090459283829065203 0
0.17540947340745611699 0.0015094600520272807265 0.0030189201103766630786
0.17389980776934439626 0.0015098706335545223891 0
0.17238973332351821055 0.0015102776655841856128 0.0030205553249601516777
0.17087925362388578901 0.0015106811410444314516 0
0.16936837222516316753 0.0015110810652879663167 0.0030221621366704811777
0.16785709267517861991 0.0015114774433761386189 0
0.16634541852284099205 0.0015118702681897854304 0.0030237405303984864452
0.16483335332567424103 0.0015122595329172576847 0
0.16332090064197725514 0.00151264524271719951 0.0030252904913022221991
0.16180806402341668203 0.001513027402457986147 0
0.16029484702270580496 0.0015134060052809316276 0.0030268120048071025721
0.15878125320085117376 0.0015137810446338134628 0
0.15726728611960133861 0.0015141525254820725907 0.0030283050566060381583
0.15575294933432707347 0.0015145204525019270505 0
0.15423824640141183819 0.0015148848190943932499 0.003029769632659570546
0.15272318088521148296 0.0015152456189659429856 0
0.15120775635079087364 0.0015156028568896393195 0.0030312057191960043331
0.14969197635709054976 0.001515956537350325682 0
0.14817584446402977469 0.0015163066540079773798 0.0030326133027115366252
0.14665936423918025471 0.001516653200827058915 0
0.14514253925078967473 0.001516996182389047315 0.0030339923699703840143
0.14362537306123387063 0.001517335602988160909 0
0.14210786923383342885 0.0015176714565426212297 0.0030353429080049070377
0.14059003133924232086 0.0015180037372742143295 0
0.1390718629487574087 0.0015183324495735898657 0.0030366649041157321154
0.13755336762805525177 0.0015186575975450577648 0
0.13603454894372317672 0.0015189791753644036265 0.0030379583458718709643
0.13451541046936368779 0.0015192971775100940516 0
0.13299595577918904218 0.0015196116081826770947 0.0030392232211108374895
0.13147618844204185133 0.0015199224712972384332 0
0.12995611202764150157 0.0015202297612864758119 0.0030404595179387621506
0.12843573011240516123 0.0015205334728849252715 0
0.12691504627332656597 0.0015208336101037264024 0.0030416672247305038022
0.12539406408227961387 0.0015211301766693924933 0
0.12387278711198097773 0.0015214231672709114851 0.0030428463301297590067
0.12235121894152849025 0.0015217125768983073961 0
0.12082936315056331919 0.0015219984093739721181 0.0030439968230491688209
0.119307223313855795 0.0015222806682364663553 0
0.11778480300698501585 0.001522559348430476019 0.0030451186926704230517
0.11626210581159535333 0.0015228344452009610547 0
0.11473913530984123652 0.0015231059621821942896 0.0030462119284443619832
0.11321589507925448993 0.0015233739027253718193 0
0.11169238869814169307 0.0015236382620303147836 0.0030472765200910755724
0.11016861975055951035 0.0015238990355963961947 0
0.10864459182104134218 0.0015241562268703665484 0.0030483124576000001133
0.10712030848974548967 0.0015244098390166136928 0
0.10559577333757099174 0.0015246598674895605122 0.0030493197312300123682
0.10407098995085244406 0.001524906308042499205 0
0.10254596191636781439 0.0015251491639352229868 0.0030502983315095211654
0.10102069281676678883 0.0015253884381458364053 0
0.099495186235405770664 0.0015256241263828596505 0.003051248249236556462
0.097969445760762815104 0.0015258562246530390087 0
0.096443474981725944445 0.0015260847360297439888 0.0030521694754788558725
0.09491727748330106893 0.0015263096633052895631 0
0.093390856851166793053 0.0015265310024418176313 0.0030530620015739486603
0.091864216675810054831 0.0015267487496990920655 0
0.09033736054809431468 0.0015269629079645609584 0.0030539258191292371925
0.088810292055246481787 0.0015271734798452123879 0
0.087283014785132135609 0.0015273804615563630201 0.0030547609200220758572
0.085755532330112420391 0.0015275838496103862331 0
0.084227848282891519798 0.0015277836467092798935 0.0030555672963998474425
0.082699966232782057456 0.0015279798552751369874 0
0.08117188976970130334 0.0015281724717760304804 0.003056344940680036976
0.079643622487749836717 0.0015283614929765634357 0
0.07811516798133775637 0.0015285469213937237537 0.0030570938455503030247
0.076586529841728061487 0.0015287287592651104096 0
0.075057711660754374928 0.0015289070033111625105 0.0030578140039685464546
0.073528717034121850325 0.0015290816505483610921 0
0.071999549557811605345 0.0015292527033090935776 0.0030585054091629766484
0.070470212824901626492 0.0015294201636468354343 0
0.068940710429006503669 0.0015295840285340299066 0.0030591680546321751827
0.067411045967301019936 0.0015297442952387122596 0
0.0658812230372023327 0.0015299009659090483043 0.0030598019341451569616
0.064351245233467983136 0.0015300540424147300578 0
0.062821116151358099149 0.00153020352197987091 0.003060407041741428808
0.061290839389382069183 0.0015303494021237644511 0
0.059760418546258033485 0.0015304916848107032585 0.0030609833717310455112
0.058229857218287615869 0.001530630371726905634 0
0.056699159002241015007 0.0015307654603478489991 0.0030615309186946633309
0.055168327497827126746 0.0015308969484438170885 0
0.053637366304929944678 0.0015310248377955472634 0.0030620496774835909559
0.052106279021259668848 0.0015311491299060636312 0
0.050575069244961068282 0.0015312698225019292907 0.0030625396432198379187
0.049043740576807379474 0.0015313869136041775568 0
0.047512296617713252429 0.0015315004048102783439 0.0030630008112961604636
0.045980740966661927653 0.0015316102974403109742 0
0.044449077223037215969 0.0015317165894716735173 0.0030634331773761048702
0.042917308988541464137 0.0015318192791759358255 0
0.041385439864984719363 0.0015319183679675579923 0.0030638367373940482296
0.039853473452487702516 0.0015320138569838939389 0
0.038321413351537714538 0.00153210574445295355 0.003064211487555236674
0.036789263164630923613 0.0015321940288966576097 0
0.035257026494337457792 0.0015322787115466839644 0.0030645574243358210601
0.033724706941779938914 0.0015323597933578505731 0
0.032192308108413588295 0.0015324372728085834417 0.003064874544482890104
0.030659833597393053385 0.0015325111486709960443 0
0.029127287011913174719 0.0015325814219941815842 0.0030651628450145009692
0.027594671953962881466 0.0015326480935505816178 0
0.026061992025829732558 0.0015327111620688699646 0.0030654223232197073064
0.024529250831191464365 0.0015327706265712218477 0
0.022996451973732214686 0.001532826487924313532 0.0030656529766585847451
0.021463599056171617185 0.001532878746718339909 0
0.019930695681493977691 0.0015329274019320816233 0.0030658548031622538364
0.01839774545376468811 0.001532972452837671956 0
0.016864751977021726545 0.0015330139001195080987 0.0030660278008329004478
0.015331718854579824186 0.0015330517441856382397 0
0.013798649689984440154 0.0015330859842648361248 0.0030661719680437936084
0.012265548087553150592 0.0015331166198791166101 0
0.010732417651542280333 0.0015331436515307058896 0.0030662873034393008057
0.0091992619857260520571 0.0015331670794455756688 0
0.0076660846940754867628 0.0015331869031024062911 0.0030663738059349007324
0.0061328893810248407379 0.0015332031222730448826 0
0.0045996796509132604743 0.0015332157372776249642 0.003066431474717193485
0.0030664591078388601216 0.0015332247481600822629 0
0.0015332313560626384065 0.0015332301546489444024 0.0030664603092439082116
0 0.0015332319567658686327 0
