0.99997094684106140325 7.8274309818026774685e-05 0
0.99982488794713191447 0.00021940482814126424793 0.00044938096029209037639
0.99952785782960006619 0.0003745713528776532753 0
0.99907745997737589501 0.00052518161050892065605 0.0010458126793403487793
0.99847887136696994402 0.00067182368030770657238 0
0.99773324862551401988 0.00081995078118909269513 0.0016425030186690295388
0.99683813843617450316 0.00097040846178197174485 0
0.99579275853498118686 0.0011199952644182120484 0.0022382884309626187436
0.99459878981669147921 0.001267778912269400677 0
0.9932571129002129353 0.0014157658054166224859 0.0028327514714579910953
0.99176689950132587992 0.001564732592204493868 0
0.99012781849173438334 0.0017132254340942331329 0.0034255260409102157743
0.98834086198840806834 0.0018605537058150047615 0
0.98640674272458620887 0.0020077617908226475262 0.0040162549837386423132
0.98432517709554760312 0.0021553922645730858289 0
0.98209610843571853602 0.0023025900546712579661 0.0046045842567029551183
0.9797203252532997336 0.0024488538524511181457 0
0.97719849146390738717 0.0025948323308629259554 0.0051901618326763302051
0.97453061104410418802 0.0027409164754920791541 0
0.9717168187471365809 0.00288652996975258121 0.0057726375428656985893
0.96875784702567568835 0.003031292449234763097 0
0.96565436643196526865 0.0031756493948000045304 0.0063516631617071887872
0.96240657493597737186 0.0033198943109473244782 0
0.9590147578536999281 0.003463605347456355247 0.0069268925668988135634
0.95547965165271674403 0.0036064821281621459229 0
0.95180196134126438622 0.0037488506273962064709 0.0074979819256347286877
0.94798203565385448445 0.0038909385704603801311 0
0.94402028783022018212 0.0040324198185526578313 0.0080645898904860579729
0.93991748720826492929 0.0041730496010604739697 0
0.93567438827791637578 0.0043130769416411573347 0.008626377798616749705
0.9312914671046394784 0.0044526830706072194221 0
0.92676925087894784333 0.0045916059490627907644 0.0091830098716608743345
0.92210855706422017959 0.0047296412149438070489 0
0.91731019808096053704 0.0048669850508605107304 0.0097341534150068058635
0.91237476297452928857 0.0050037845288526449091 0
0.90730288340175681392 0.0051398230753247689112 0.010279479015832157133
0.90209543339612089061 0.0052749268071872173312 0
0.89675328804915818439 0.0054092538446824748444 0.010818660739503076248
0.89127713966038898725 0.0055429253635844691547 0
0.88566771734539721741 0.0056757585006637838597 0.011351376324080416693
0.87992595636430565099 0.0058076030916461167362 0
0.8740527969580317987 0.0059385888129799547753 0.011877307372740279576
0.86804902748502156296 0.0060688166977227187171 0
0.86191546893954846059 0.006198129781259919414 0.012396139543950922969
0.85565312017315309798 0.0063263968536870260377 0
0.84926298757796896916 0.0064537257097178193385 0.01290756273926734722
0.84274594982842063544 0.0065802013805872773874 0
0.83610291506090684712 0.006705687390737664596 0.013411271288616332314
0.82933494659571298784 0.0068300680280053597038 0
0.82244311695564384246 0.0069534338553391103871 0.013906964132951985244
0.81542839024531649192 0.0070758569665500753711 0
0.80829175750791366012 0.0071972175024384248262 0.014394345004166846177
0.8010343463843961448 0.0073174126790140869743 0
0.79365729476219329024 0.0074365192268365869245 0.014873122602147314252
0.78616164780058698533 0.0075545986243402888466 0
0.77854847550641196685 0.007671544779540042467 0.015343010768865144086
0.7708189689484470466 0.0077872658868680680973 0
0.76297433004409472278 0.0079018273950632767486 0.015803728659399346859
0.75501568093102542336 0.0080152819626155480977 0
0.74694416679706198117 0.0081275351205770697825 0.016255000909785187052
0.73876104068000884179 0.008238504536434124074 0
0.73046756674190880647 0.0083482463331957328127 0.016696557801589204589
0.72206494018921332309 0.008456805761871826089 0
0.71355437768358741334 0.0085640983319383324029 0.017128135423111376831
0.70493719232619929397 0.0086700500044198738965 0
0.69621470836951433239 0.0087747091049151624528 0.017549475827117704649
0.68738819026057001509 0.0088781146047052108288 0
0.67845892244771925937 0.0089801907098559385832 0.01796032718500868594
0.66942827582550167417 0.0090808707391341135824 0
0.66029763227264605211 0.0091801964338589447002 0.018360443937331343221
0.65106832167442085266 0.0092782013974277709312 0
0.64174169256230755715 0.0093748175197816848138 0.018749586940544708651
0.63231917104936985253 0.0094699847271634911923 0
0.62280219391058491076 0.0095637391525691927601 0.019127523609950945487
0.61319215265662348445 0.0096561097766448992159 0
0.6034904561585486242 0.0097470353639098939778 0.019494028058706602823
0.59369858291274477806 0.009836461841307589656 0
0.58381802162876308955 0.009924420527576461799 0.01984888123283086222
0.57385022159593882558 0.010010936394845409247 0
0.56379664822661808391 0.010095954429263315685 0.020191871042130041181
0.5536588293394844013 0.010179426064291180616 0
0.54343830241281036344 0.010261378456533957379 0.020522792486960069432
0.5331365706193618905 0.010341833079431416355 0
0.52275515205117547845 0.010420740609813139123 0.020841447780751149114
0.512295620590168055 0.010498057583013013462 0
0.50175955913614446429 0.010573807533048971107 0.021147646468221348537
0.49114852079321656161 0.010648008859963773278 0
0.48046407240417202586 0.010720617496845993958 0.021441205539208460137
0.46970783048015113886 0.010791594748369207437 0
0.45888141983355219545 0.01086096097483961091 0.021721949538052075375
0.44798643948703298962 0.010928731858739430258 0
0.43702450103710416294 0.010994868232366447469 0.021989710668460491434
0.42599726003499261793 0.011059335895993266772 0
0.41490637955227501549 0.011122152410970481205 0.022244328893799765105
0.40375350045607918121 0.011183331040158407899 0
0.39254027503326744274 0.01124283722080949223 0.022485652032744966872
0.38126839414837031409 0.01130064102357708532 0
0.36993955534985902662 0.011356757524133820594 0.02271353585023646131
0.35855543721589718651 0.011411197814684229049 0
0.34711772859763550843 0.011463931694775133434 0.02292784414368684692
0.33562815182427222008 0.011514933320774081348 0
0.32408843502441337518 0.011564215544210818726 0.023128448824387027879
0.31250029029827566017 0.011611787493554436518 0
0.30086543887767720267 0.011657623130909227655 0.023315229994062760122
0.28918563060055375591 0.011701700548034276248 0
0.27746262017790440281 0.011744030589652859524 0.023488076016535913153
0.26569814899274648376 0.011784620590757808238 0
0.25389396642269432086 0.011823448512453990933 0.023646883584447615144
0.24205184576483716559 0.01186049626107991202 0
0.23017356422665998641 0.011895772853553055045 0.023791557781003400639
0.2182608881908947425 0.011929283969162010492 0
0.20631559090207921715 0.011961011435385296435 0.023922012136703455672
0.19433946498616258267 0.011990940878097686859 0
0.18233430598533718241 0.012019079631627558724 0.024038168681024052638
0.17030190096249080968 0.012045431828049287395 0
0.158244042714224934 0.012069983055446030481 0.024139957989019284998
0.1461625389967483029 0.012092722587098677526 0
0.13405919946118778512 0.01211365618968908766 0.02422731922281524812
0.12193582750266487934 0.012132786529697750111 0
0.10979423112764374667 0.012150102873777494678 0.024300200167971865323
0.097636228967652675483 0.012165598091278422999 0
0.085463640504515498636 0.012179276468568566627 0.024358557264690625853
0.07327828109802502419 0.012191139263031159409 0
0.061081969604139568104 0.012201179359245117213 0.024402355633849582093
0.048876531230028164829 0.012209393190596436608 0
0.03666379096873349333 0.012215783624822415282 0.024431569097850045055
0.024445571766749899589 0.01222035054274997133 0
0.012223698960615764198 0.012223090405950850013 0.024446180196262518211
0 0.012224003198185594805 0
