0.99823927414544451418 0.0047427770492473179063 0
0.9894009349916499326 0.013257930688091157245 0.027152459411754094852
0.9715059509693925943 0.022498859440049444029 0
0.94457502307323257608 0.03126054364738052824 0.062253523938647892863
0.90915766701234294862 0.039512951202421964003 0
0.86563120238783174388 0.047506215976407017235 0.09515851168249278481
0.81424028706244446809 0.055205633095422172303 0
0.7554044083550030339 0.06235880601183485547 0.12462897125553387205
0.68974110668176230388 0.068862995191531243001 0
0.61787624440264374845 0.074769823885599557534 0.14959598881657673208
0.54040767635213974363 0.080053941263719286446 0
0.45801677765722738634 0.084595803792590637585 0.16915651939500253819
0.37148378087841628868 0.088337502579112731414 0
0.28160355077925891323 0.091292032828191662272 0.18260341504492358887
0.18916857901808372631 0.093438674060921230478 0
0.095012509837637440185 0.094728401247230041327 0.18945061045506849629
0 0.09515421608049830702 0
