0.99999270829404453849 1.9645183848010200653e-05 0
0.99995605001899223073 5.5067821094484924668e-05 0.00011278901782227217551
0.99988149644203586523 9.4019705006759837259e-05 0
0.9997684374092631861 0.00013183872410865132498 0.00026253494429644590629
0.99961815979005957557 0.00016867607523664942903 0
0.99943093746626140824 0.00020590488711231389878 0.00041246325442617632843
0.99920613346132708818 0.00024374226594485067507 0
0.99894352584340885656 0.0002813884152162918572 0.00056234895403140980282
0.99864350751133343164 0.00031861274888816840711 0
0.99830626647300644406 0.00035592360892292595426 0.00071215416347332066691
0.9979315567244266738 0.00039352095450853365903 0
0.99751925275672082756 0.0004310433434104170749 0.00086185370142008903781
0.99706955807450974522 0.00046832064817462856802 0
0.99658260202338154043 0.00050561993663756183874 0.0010114243932084404526
0.99605825858665676268 0.0005430825353928785952 0
0.99549645448109635659 0.00058049706538718592298 0.001160843557567724724
0.99489732569212320429 0.00061774073097765782344 0
0.99426097292240966496 0.00065498140306337020199 0.0013100886819025044578
0.99358732579933138709 0.00069232244934224536172 0
0.99287634260882211714 0.00072962225391755879231 0.0014591373333107332011
0.99212812902210642564 0.00076678819409161474203 0
0.99134277120758308692 0.00080393722797441262713 0.0016079671307493272424
0.99052023117121393117 0.00084114832175413477775 0
0.98966048874506521832 0.00087831843271109961025 0.0017565557363307299936
0.98876363458995457528 0.0009153748287134738454 0
0.98782974756486060892 0.00095240453314051785731 0.0019048808534997184044
0.98685881147241002897 0.00098947004794514756892 0
0.98585082228612595648 0.001026492155594008605 0.0020529202279661431745
0.98480586317753555987 0.0010634118889068502367 0
0.98372400976031549617 0.0011002969966777583708 0.0022006516498399104997
0.98260526206572802389 0.0011371983398461190667 0
0.98144962902546440577 0.0011740525871823865185 0.002348052956327312017
0.98025719047919221557 0.001210810714407645366 0
0.97902802125762203882 0.0012475272293295955208 0.0024951020347037068508
0.97776213437792651595 0.0012842444333352913378 0
0.97645954971923415562 0.0013209101974443119724 0.0026417768254274905641
0.97512034628571736089 0.001357482938955273953 0
0.97374459970437040527 0.0013940076186180623209 0.0027880553253277068806
0.97233233394175746174 0.0014305200386089750725 0
0.97088357848074302932 0.0014669763133756940087 0.002933915590829716646
0.96939841308257159164 0.0015033405949978070459 0
0.96787691522848945491 0.001539650697736823952 0.0030793357411993375832
0.9663191184776421894 0.0015759373566518426664 0
0.96472506097570643093 0.0016121629594530876236 0.003224293961794198157
0.96309482430402905778 0.0016482961863973278806 0
0.96142848853073214401 0.0016843693401409100021 0.003368768507315551012
0.95972609585887392413 0.00172040911716057568 0
0.95798769241117812937 0.0017563828104361006219 0.003512737705056307331
0.95621336232313978779 0.001792262749509712761 0
0.95440318876971624176 0.0018280768816840239769 0.0036561799581425021694
0.95255722190685718365 0.0018638486243112954343 0
0.95067551531662827636 0.0018995491928267862443 0.0037990737487662579981
0.94875815620831803457 0.001935153909396903099 0
0.94680523123912748137 0.0019706872095076691733 0.0039413976414088336277
0.94481679799618327852 0.002006169805584685168 0
0.94279291711746244318 0.0020415761091869499061 0.0040831302860526684086
0.94073367926026089623 0.0020768839336872074652 0
0.93863917483781480498 0.0021121148343576904152 0.0042242504213815362724
0.93650946846165588381 0.0021472872617602521856 0
0.93434462750200309429 0.0021823782738634280714 0.0043647368779680566816
0.93214474633628952302 0.0022173677851036298592 0
0.92990991933400564118 0.0022522749540089205406 0.0045045685814478970686
0.92764021780445821423 0.0022871163172565255659 0
0.92533571558331620287 0.0023218711546440224531 0.004643724555680060314
0.92299651096645189202 0.0023565211730983543854 0
0.92062270242514649551 0.0023910835115710349762 0.0047821839258926913729
0.91821436769695993044 0.0024255730704231671125 0
0.91577158685749038453 0.0024599710175521965691 0.0049199259218138656696
0.91329446226452763327 0.0024942606047861020141 0
0.91078309659506501189 0.0025284572506287025329 0.0050569298807868423876
0.90823757378681362428 0.0025625744435774942374 0
0.90565797996014464708 0.0025965949732762429741 0.0051931752508692809303
0.90304442163655231024 0.0026305034352583878181 0
0.90039700577030354477 0.0026643137682703094285 0.0053286415939159303171
0.89771582230162573497 0.0026980382326643705899 0
0.89500096322308457744 0.0027316610243805955321 0.0054633085886443102776
0.89225253928926780479 0.0027651679173079052514 0
0.88947066177761088883 0.0027985715665929448384 0.0055971560336829100776
0.88665542645587605763 0.0028318831564608112339 0
0.88380693103315828486 0.0028650881127929374572 0.0057301638506014371774
0.88092529054084685969 0.0028981732505658743126 0
0.87801062060470654399 0.0029311501030184803619 0.0058623120869226530607
0.87506302266202604557 0.0029640289052685124687 0
0.87208259999548828913 0.0029967961672520269787 0.0059935809191153382211
0.86906947193625859968 0.0030294396300414969589 0
0.8660237584665545193 0.0030619698396133350332 0.0061239506555679325424
0.86294556654795718197 0.0030943961890493416776 0
0.8598350049033763507 0.0031267061505108049499 0.0062534017395424012721
0.8566921971697012919 0.0031588882940453589761 0
0.85351726767950296507 0.0031909522915218554536 0.0063819147521078805704
0.85031032878304587322 0.0032229067849655280852 0
0.84707149451729620719 0.003254740106154274748 0.0065094704150536602678
0.84380089281660991062 0.0032864415714746630541 0
0.8404986523457627139 0.0033180200745738214578 0.0066360495937810650446
0.83716489071532567198 0.0033494835842902921065 0
0.83379972715550489435 0.0033808212049312481595 0.0067616333001737987809
0.8304032938778392124 0.00341202292843604605 0
0.82697572385081251429 0.0034430969520963103943 0.0068862026954463203467
0.82351713982231927081 0.0034740506386571686629 0
0.8200276660989170674 0.0035048737905238838096 0.0070097390929698226212
0.81650743913872246554 0.003535557014180628343 0
0.81295659617643154314 0.0035661078809412145527 0.0071322239610753900717
0.80937526497824609183 0.0035965332056179679472 0
0.80576357481299862326 0.0036268234246949309615 0.0072536389258339137838
0.80212166634580854208 0.0036569697063254358283 0
0.79844968103217075878 0.0036869790567276589537 0.0073739657738123464376
0.79474775154042897294 0.0037168577934805297007 0
0.79101601198954599455 0.0037465969317631518162 0.0074931864548058833586
0.78725460720418390135 0.0037761881553351872913 0
0.78346368280818382075 0.0038056379582908069796 0.0076112830845456594616
0.77964337625783688112 0.0038349522053983627094 0
0.77579382641132573913 0.0038641224423645558599 0.0077282379473815556311
0.77191518219838992631 0.0038931408282385156864 0
0.76800759335244563598 0.003922013391323507495 0.0078440334989397118668
0.76407120200481062719 0.0039507455826850341815 0
0.76010615164265545494 0.0039793294364620685917 0.0079586523687543483536
0.75611259524004939656 0.0040077575515529116679 0
0.75209068657549205959 0.0040360355311939715586 0.0080720773628734995009
0.74804057234312571645 0.0040641684473268511903 0
0.74396240054911156846 0.0040921487855698345758 0.0081842914664382699356
0.73985632814541812125 0.0041199695533929939079 0
0.73572251288591783462 0.0041476359649205702249 0.0082952778462352254252
0.73156110591565104185 0.0041751527436679988862 0
0.72737225964965212659 0.0042025127941610012693 0.0084050198532215357562
0.72315613494617858777 0.0042297095047370940739 0
0.71891289345997144837 0.0042567477322835351483 0.0085135010250224906938
0.71464269067496427431 0.0042836318792428924276 0
0.71034568330454331339 0.0043103552402298539614 0.0086207050884010143054
0.70602203603689167996 0.0043369115598275765588 0
0.70167191434868515941 0.0043633053660525727947 0.0087266159616988071403
0.69729547795038461949 0.0043895407647310769406 0
0.69289288774257696011 0.0044156114149807749301 0.0088312177572487500253
0.68846431216261991053 0.0044415113956807824509 0
0.68400992042607595312 0.0044672449313090075599 0.0089344947837582075484
0.67952987635698112719 0.0044928158530105819566 0
0.67502434493116276386 0.0045182181616178151908 0.0090364315486628736802
0.67049349825033106544 0.0045434462506829861805 0
0.66593750918204855991 0.0045685040638409395734 0.009137012760450806402
0.66135654555020996891 0.0045933951772862098561 0
0.65675077629297322189 0.004618113913209784835 0.0092362233309563026874
0.65212037708778456439 0.0046426549622492766631 0
0.64746552436372486262 0.0046670220075899651339 0.0093340483776232697125
0.64278638982992702669 0.004691218388269815781 0
0.63808314627291136867 0.0047152387296067491014 0.0094304732257377527474
0.63335597285369411238 0.004739078003522819084 0
0.62860504946901497543 0.0047627396511282104538 0.0095254834106292848118
0.62383055159761273889 0.0047862267903902217634 0
0.61903265575926121943 0.0048095343333847041544 0.0096190646798407278572
0.61421154450304927254 0.0048326575190925162648 0
0.60936740109633393952 0.0048555995631447370343 0.0097112029952662799642
0.60450040467073439186 0.0048783633770110020251 0
0.59961073536296832173 0.0049009441447960284046 0.0098018845352573278255
0.59469857901156536115 0.0049233373597076680285 0
0.58976412215445430079 0.0049455460269207644073 0.0098910956966958286026
0.58480754745825689426 0.0049675728646349804782 0
0.57982903855908294492 0.0049894133157040827177 0.0099788230970349101247
0.57482878448331548724 0.0050110631159688217829 0
0.56980697493656875906 0.0050325250737736051598 0.010065053576306383309
0.56476379600139648068 0.0050538017260748959553 0
0.55969943469448114514 0.0050748887624810806432 0.010149774199094865655
0.55461408312568057275 0.0050957821509746166265 0
0.54950793406271855704 0.0051164845154497051175 0.010232972256478219657
0.54438117688379272271 0.0051369982225703158675 0
0.53923400186605918113 0.005157319197849078266 0.010314635267934015068
0.53406660409583273931 0.0051774436319050457802 0
0.52887917929482226195 0.0051973739754477187622 0.010394750983211728997
0.52367192001535263426 0.005217112434831514917 0
0.51844501967367447622 0.0052366551616446499308 0.010473307384170403004
0.51319867622304448222 0.0052559985605221973519 0
0.50793308822861603623 0.0052751449192531193301 0.010550292686581481518
0.50264845129409650184 0.0052940962929916821019 0
0.49734496185218147712 0.0053128490504885262737 0.010625695341896561134
0.49202282061119052137 0.005331399802570180715 0
0.4866822288668903501 0.0053497506834664392724 0.010699504038979785603
0.4813233851504083067 0.0053679036054494763902 0
0.47594648878698330639 0.005385855146342178603 0.010771707705804626637
0.47055174312588107619 0.0054036021160566045512 0
0.46513935207847931365 0.0054211465038078557985 0.010842295511114795995
0.45970951697816419266 0.0054384900865846188814 0
0.45426243991758999877 0.0054556296439340414701 0.010911256866049039701
0.44879832677073451137 0.0054725621783986423627 0
0.44331738394752735722 0.0054892895419814749318 0.010978581425729570638
0.43781981545728033079 0.0055058133833298867291 0
0.43230582603374130995 0.0055221306770387752537 0.011044259090813901264
0.42677562395736379983 0.0055382386124174014788 0
0.42122941801762382498 0.0055541389113833234212 0.01110828000900984363
0.41566741477228669949 0.0055698331005835612625 0
0.41008982146871655001 0.0055853183435936841345 0.011170634576553449463
0.40449684867371500822 0.0056005920111650018097 0
0.39888870743545912771 0.005615655701637728982 0.011231313439649668573
0.39326560673159569906 0.00563051082544707926 0
0.38762775619451558364 0.0056451547296371229283 0.011290307495875509508
0.38197536855545698883 0.0056595849615694703505 0
0.37630865699871639028 0.0056738030019474540893 0.011347607895545491942
0.37062783279219411588 0.0056878101502733418321 0
0.36493310782365401853 0.0057016039320544494998 0.011403206043039185965
0.35922469686517962283 0.0057151820668832662651 0
0.35350281511296998954 0.0057285459232436455615 0.011457093598090639152
0.34776767599454370813 0.0057416966945118494803 0
0.34201949352237163648 0.0057546320801178082872 0.011509262477039497959
0.33625848438421326875 0.0057673499679219688156 0
0.33048486566241697623 0.0057798516191223703214 0.011559704854043635773
0.32469885281252956859 0.0057921381253375542029 0
0.31890066184010627563 0.0058042073558067650238 0.011608413162253105722
0.31309051122193449201 0.0058160573630803860051 0
0.30726861979931907626 0.0058276893055552260221 0.011655380094945242121
0.30143520492334639903 0.0058391041770510496181 0
0.29559048446013561456 0.0058503000128975531066 0.011700598606620740288
0.28973467854747265629 0.0058612750271140751109 0
0.2838680076570817418 0.0058720302793622428021 0.011744061914060550305
0.27799069090226087442 0.0058825666692384575397 0
0.27210294787633660951 0.0058928823948094381684 0.011785763497343426182
0.26620500024877851341 0.0059029758286750068481 0
0.26029706999194254198 0.005912847935436028516 0.011825697100823977771
0.25437937784723335453 0.0059224995236801138415 0
0.24845214500105666683 0.005931928951197459131 0.011863856734071078732
0.24251559452405950941 0.0059411347465908522695 0
0.23656994975828401848 0.0059501177827068536553 0.011900236672766489754
0.2306154329384242897 0.0059588787799979073535 0
0.22465226670913196715 0.0059674162532815611263 0.011934831459563562256
0.21868067541062710244 0.0059757288848781252166 0
0.21270088362262595794 0.0059838174588391231701 0.011967635904905893729
0.20671311493764974061 0.0059916826100318824941 0
0.20071759332312667007 0.0059993230079028979226 0.011998645087805811935
0.1947145442562389395 0.0060067374864801727294 0
0.18870419342138882646 0.0060139267436504399047 0.012027854356582571161
0.18268676563288646545 0.0060208913309374789134 0
0.1766624860449019974 0.0060276300702988485698 0.012055259329560149814
0.17063158113805324136 0.0060341419457217708412 0
0.16459427756755384983 0.0060404275712452277787 0.012080855895724544656
0.15855080123296000141 0.0060464874169955491558 0
0.15250137833865639537 0.0060523204555890645461 0.012104640215340463098
0.14644623623434417659 0.0060579258194728531666 0
0.14038560241137588591 0.0060633040408556516121 0.012126608720527321035
0.13431970371757905946 0.0060684555101280677775 0
0.12824876727060709474 0.0060733793489656393845 0.012146758115794459816
0.12217302115415534872 0.006078074837014674164 0
0.11609269356033280494 0.0060825424263833440597 0.012165085378535502061
0.11000801214790634622 0.0060867824291132220268 0
0.10391920481050940364 0.0060907941145812721889 0.012181587759481772174
0.097826500230093757174 0.0060945769086024874626 0
0.091730127163519552031 0.0060981311846362279545 0.012196262783114713518
0.085630313942879606039 0.0061014571774943546394 0
0.079527289100232965903 0.0061045543031300792177 0.012209108248037240408
0.073421281779488707962 0.0061074221327196017065 0
0.067312521165716400242 0.0061100609622555039384 0.012220122227303969192
0.061201236126517228195 0.0061124709501780130613 0
0.055087655694633984105 0.0061146516581164933932 0.012229303068710278904
0.048972009339159131157 0.0061166028020184615261 0
0.042854526536379098381 0.0061183246013286580681 0.012236649395040158109
0.036735436551460174106 0.0061198171387171460052 0
0.030614968779979029366 0.006121080120808479754 0.01224216010427280077
0.024493352879048596758 0.0061221134079451890146 0
0.018370818478813665118 0.0061229171436851316182 0.012245834369747920142
0.012247595104016238933 0.0061234913352762772206 0
0.0061239123751895295012 0.0061238358338720850687 0.012247671640289755904
0 0.006123950644044811004 0
