0.99954590212436447864 0.0012233608179514718003 0
0.99726386184948156354 0.0034268187757723709356 0.0070186100094700966004
0.99262803526297191269 0.0058417370791666933039 0
0.9856115115452683354 0.0081725040385316684143 0.016274394730905670605
0.9763102836146638072 0.010423987398806818828 0
0.96476225558750643077 0.012676054806654402859 0.025392065309262059456
0.95095468484866118539 0.014936103606086027385 0
0.93490607593773968917 0.017149805209784253256 0.034273862913021433103
0.91667726665136432428 0.019298771430326811294 0
0.89632115576605212397 0.021408913184821915956 0.042835898022226680657
0.87386976894531060613 0.023486659672163324592 0
0.84936761373256997013 0.025505695480894652815 0.050998059262376176196
0.82288295013605132165 0.027452098422210403783 0
0.79448379596794240696 0.029336956689620661369 0.058684093478535547145
0.76422825199780370415 0.031163325561973737171 0
0.73218211874028968039 0.032915077643903600263 0.065822222776361846838
0.69842655779521049288 0.034582122744733034131 0
0.66304426693021520098 0.036169769475642299861 0.072345794108848506225
0.62611293770182399782 0.037679130645613398515 0
0.58771575724076232904 0.039099420133306611207 0.078193895787070306472
0.54794631419915247868 0.040423492370373096672 0
0.50689990893222939002 0.041654019985643051398 0.083311924226946755222
0.46466930848199221776 0.042791115596446746934 0
0.42135127613063534536 0.043827544030139749047 0.087652093004403811143
0.37704942115412110545 0.044758638749766937295 0
0.33186860228212764978 0.045585826564547070281 0.091173878695763884713
0.28591245858945975942 0.04630875673802571324 0
0.23928736225213707454 0.046922968281703611103 0.093844399080804565639
0.19210360898314249727 0.047426061873882382363 0
0.14447196158279649349 0.047818908736988472212 0.095638720079274859419
0.096502696876894365801 0.048100969185457746928 0
0.048307665687738316235 0.048270193075777385599 0.096540088514727800567
0 0.048326383986567758375 0
