0.99999817351033565292 4.9208988318509402347e-06 0
0.99998899098438186799 1.3793991824256670985e-05 2.8252637373934692039e-05
0.99997031581083917338 2.3551531066801664676e-05 0
0.99994199460684565364 3.3025971102822112719e-05 6.5765731659240195831e-05
0.99990434893595965304 4.2255411791235233891e-05 0
0.99985744636997943854 5.158408909021270866e-05 0.0001033319034969132363
0.99980112601607481774 6.1066693811694465025e-05 0
0.99973533067104266258 7.0503119369790562232e-05 0.00014089901738819849301
0.99966015692707350903 7.983582114321306028e-05 0
0.99957564979831085559 8.9192434864584996379e-05 0.00017846180554595329461
0.99948174526084892658 9.8623366285683056455e-05 0
0.99937840920259925145 0.00010803829648958245115 0.00021601817797699085834
0.99926568972889185189 0.00011739481452627328431 0
0.99914361611237823825 0.00012676013183757331237 0.00025356654357058651359
0.99901215332413378043 0.00013616997601190878916 0
0.99887127927544942465 0.00014557160568509014431 0.00029110543025148851253
0.99872102411338188385 0.00015493445665745753299 0
0.99856140889003972756 0.000164300901962278575 0.00032863340285233341625
0.99839241145812336601 0.00017369716829223873757 0
0.99821401658161279539 0.00018308797923353609186 0.00036614904003562685301
0.99802624577070097216 0.00019245031998626423522 0
0.9978291153935628466 0.00020181381816804092534 0.00040365092653331987974
0.99762261036092048079 0.00021119859458186434704 0
0.99740671978284983216 0.00022057902594806417861 0.00044113765017954056365
0.99718146036924118149 0.0002299370717255898883 0
0.99694684561760388044 0.00023929486776056634131 0.00047860780066795090669
0.99670286485069158766 0.00024866841639831079828 0
0.99644951017557740228 0.00025803805385237304535 0.0005160599690007674371
0.99618679538991298563 0.00026738917975091710668 0
0.9959147321429772567 0.00027673910756758839367 0.00055349274724038946478
0.995633312780128753 0.00028610092872171558947 0
0.99534253161346571515 0.00029545895067806384056 0.00059090472840322301624
0.9950424005747954445 0.00030480105604676898832 0
0.9947329300872282225 0.0003141412465976771617 0.00062829450642443583909
0.99441411471245393146 0.00032349047415905945977 0
0.99408595047005587937 0.00033283584437107287304 0.00066566067615993434094
0.9937484480571660846 0.0003421670963850903539 0
0.99340161707241476579 0.00035149584498623533934 0.00070300183340874114339
0.99304545379040682269 0.0003608314180371676284 0
0.99267995560848655735 0.00037016297833899304691 0.00074031657494698189629
0.99230513239471606717 0.00037948169410442350707 0
0.99192099319517145002 0.00038879739396018715802 0.0007776034985686972438
0.99152753566494490036 0.00039811814011277742776 0
0.99112475835104804155 0.00040743465909165808355 0.00081486120313078199656
0.99071267056624472155 0.00041673924593846813057 0
0.99029128099528689621 0.00042604035221118001307 0.00085208828860048094028
0.98986058844429674942 0.00043534503172453842516 0
0.98942059244651574538 0.00044464523209218566898 0.0008892833561045005372
0.98897130195156984396 0.00045393415500506316003 0
0.98851272542163502001 0.00046321916419605136007 0.00092644500797915826975
0.98804486264968181729 0.00047250649498584482618 0
0.98756771403458287298 0.00048178906987302988156 0.00096357184782120567985
0.98708128830206592981 0.00049106083265606623992 0
0.98658559379504914296 0.00050032827019182688491 0.0010006624805390909706
0.98608063117231667455 0.00050959694282744467699 0
0.98556640160713790247 0.00051886056596289790181 0.0010377155124045074301
0.98504291370492715415 0.00052811369982591456055 0
0.98451017576797835907 0.00053736211228965073551 0.0010747295511041247428
0.98396818922938152714 0.00054661079942448544787 0
0.98341695596628396407 0.00055585413176438623586 0.001111703205791432965
0.98285648454256506087 0.00056508718814200600001 0
0.98228678328085964192 0.00057431513825903456514 0.0011486350871386503607
0.98170785431786185233 0.00058354250080944246213 0
0.98111970017905709473 0.00059276419501809364109 0.0011855238073886605549
0.98052232944783076391 0.00060197574091424168821 0
0.97991575051517816567 0.00061118180423502875348 0.0012223679804069540809
0.97929996616572733978 0.00062038649557981474503 0
0.97867497952882626643 0.00062958519916151503425 0.0012591662217335559931
0.97804079925542098674 0.00063877381405954021051 0
0.97739743384320588997 0.00064795657672500558213 0.0012959171486349257825
0.97674488668016861611 0.00065713724565612599513 0
0.97608316146337024168 0.0006663116032134516763 0.0013326193801558190401
0.97541226694966621785 0.00067547587698934324237 0
0.97473221177441703157 0.00068463393420655804534 0.0013692715371711025869
0.97404299989274137533 0.00069378922706735369412 0
0.97334463553963247735 0.00070293788197789391423 0.0014058722424375164226
0.97263712760881671734 0.0007120764134748358584 0
0.97192048489858357452 0.00072120836847108409192 0.001442420120645377026
0.97119471190133543109 0.00073033693075145290189 0
0.97045981336515869446 0.00073945852644790980957 0.001478913798470217406
0.96971579834589797079 0.00074856992249791901697 0
0.96896267582555657566 0.00075767438580421979622 0.0015153519046243599371
0.96820045080892352949 0.00076677486336403879759 0
0.96742912853622377734 0.00077586804433789789751 0.0015517330699084184929
0.96664871824618273964 0.00078495091909246146333 0
0.96585922912174066745 0.00079402650805857885863 0.0015880559272627267421
0.96506066665906613616 0.00080309754809117093429 0
0.96425303657265602064 0.00081216096069993824138 0.0016243191118186897474
0.96343634830131292674 0.00082121393517844389909 0
0.96261061124327030396 0.00083025927365346722852 0.0016605212609500562073
0.96177583136816113493 0.00083929952546377438066 0
0.96093201484936773117 0.00084833181859614804 0.0016966610143241088446
0.9600791713400963714 0.00085735352039052847568 0
0.95921731046589716847 0.00086636723852377449085 0.0017327370139527705643
0.95834643865443524244 0.00087537535417214237922 0
0.95746656252460197723 0.00088437517980877371582 0.0017687479042436241016
0.95657769195599891367 0.00089336424290195908111 0
0.95567983681159888119 0.00090234497703256629024 0.0018046923320508429542
0.95477300396367899807 0.00091131961187949988104 0
0.95385720046490594799 0.00092028562557587357936 0.0018405689467260314558
0.95293243643134925387 0.00092924069024432319303 0
0.95199872197191977698 0.00093818708285706022956 0.0018763764001689718922
0.95105606439173056983 0.00094712689603393005804 0
0.95010447116684198719 0.00095605775734434755642 0.0019121133468782766037
0.94914395265827250267 0.00096497747012347689108 0
0.94817451922805510157 0.0009738881698545475322 0.0019477784440019430461
0.94719617860371597642 0.00098279182467816538593 0
0.94620893867544792553 0.00099168619753460983056 0.0019833703513878098109
0.94521281005636741752 0.0010005692112317913655 0
0.94420780336769051982 0.0010094428729127722771 0.0020188877316339116256
0.94319392675005504726 0.001018309037256870934 0
0.94217118849945886972 0.0010271655903128840928 0.0020543292501387313744
0.94113959948714188297 0.0010360105640567879415 0
0.94009917059860935448 0.0010448458487879081582 0.0020896935751513471948
0.93904991037924375715 0.0010536731954211287698 0
0.93799182752330312299 0.0010624906023682370715 0.0021249793778214727179
0.93692493316522105073 0.0010712962016861694034 0
0.9358492384590804834 0.0010800917769323397159 0.0021601853322493885355
0.93476475234742462155 0.0010888789838298858007 0
0.93367148391588541648 0.0010976559236922446605 0.0021953101155357629824
0.93256944456634260679 0.001106420820609216376 0
0.93145864572504032428 0.0011151753603138108139 0.0022303524078313603368
0.93033909672475771319 0.0011239211109481631273 0
0.92921080703617112775 0.0011326562683597265676 0.0022653108923866345475
0.92807378833215381382 0.00114137914151449146 0
0.92692805231408282858 0.0011500913262270521635 0.0023001842556012066043
0.92577360869860561609 0.0011587943098418493382 0
0.92461046733558565265 0.0011674863753093672986 0.0023349711870732236769
0.92343864017182524289 0.0011761659100837762208 0
0.92225813918627189428 0.001184834427098679909 0.0023696703796485981536
0.92106897447354630776 0.0011934933389689170611 0
0.91987115625724358221 0.0012021410091233140088 0.002404280529470124717
0.91866469676049643413 0.0012107758977821541379 0
0.91744960824179109027 0.001219399441285927822 0.0024388003360264736029
0.91622590116822857746 0.0012280129829669140035 0
0.91499358613202281753 0.0012366149608050388351 0.0024732285022010581904
0.91375267563456909047 0.0012452039026441444121 0
0.91250318221544606434 0.0012537811738696091863 0.0025075637343207750815
0.91124511670908516572 0.0012623480534365882786 0
0.90997849007149923296 0.0012709030485548973511 0.0025418047422046148319
0.90870331508386380123 0.0012794447500557858831 0
0.90741960456803548277 0.0012879744574415824651 0.0025759502392121415
0.90612736972091935767 0.0012964933897215140958 0
0.90482662185775797238 0.0013050001185429211543 0.0026099989422918391897
0.90351737404065670333 0.001313493293532566458 0
0.90219963937460682236 0.0013219741528869046036 0.002643949572029323764
0.90087342941438128865 0.0013304438596835885904 0
0.89953875583009793455 0.0013389010456784619545 0.0026778008526954179164
0.89819563196561291183 0.0013473444154930908391 0
0.89684407120961380525 0.0013557751501607885033 0.0027115515122940877888
0.89548408547035072982 0.0013641943604742741702 0
0.89411568676864647187 0.0013726007343763643093 0.0027452002826102393336
0.89273888873063398415 0.001380993028028377619 0
0.89135370502899273402 0.0013893723690604305797 0.0027787458992573726197
0.88996014792124361832 0.0013977398193014635787 0
0.88855822977490179214 0.0014060941193193896009 0.0028121871017250922922
0.88714796449863712026 0.0014144340736666757211 0
0.88572936604917544824 0.0014227607599917359867 0.0028455226334264723965
0.88430244702926008281 0.0014310751941918471527 0
0.8828672201492210155 0.0014393761662166487212 0.0028787512417452737869
0.88142369960028424261 0.0014476625261336895411 0
0.87997189962305708483 0.0014559353047309398794 0.0029118716780830123435
0.87851183316159219344 0.0014641954747486636307 0
0.87704351326527229854 0.0014724418725578279276 0.0029448826979058762279
0.87556695440767954294 0.0014806733911081018615 0
0.874082171112937283 0.0014888910171811007029 0.002977783060791490413
0.87258917666261013685 0.0014970956829047174773 0
0.87108798444146989389 0.0015052862683630134157 0.0030105715304755267298
0.86957860920505452666 0.001513461706972283582 0
0.86806106576045392928 0.001521622944123424269 0.0030432468748981576781
0.86653536772304598155 0.0015297708736705470822 0
0.8650015288094114679 0.0015379044169279367717 0.003075807866250352255
0.86345956405646002942 0.0015460225455580794692 0
0.86190948855352899111 0.0015541261659633640677 0.0031082532810200120618
0.8603513162461946597 0.0015622161358776294525 0
0.85878506117933744951 0.0015702914155644766792 0.0031405819000379459532
0.85721073867048512272 0.0015783510128875594426 0
0.85562836409034643626 0.0015863957974714329539 0.003172792508523681503
0.85403795171115224587 0.0015944265929165081631 0
0.85243951590263263128 0.0016024423963362628602 0.0032048838961311115628
0.85083307226202326684 0.0016104422499086253361 0
0.84921863644038268202 0.0016184269885186533543 0.0032368548569939741987
0.84759622303311206464 0.0016263974034697324091 0
0.84596584673139068838 0.0016343525267892368245 0.0032687041897711642972
0.84432752341110650837 0.001642291433225363591 0
0.84268126900251046083 0.0016502149248065669432 0.0033004306976918751358
0.84102709842073960512 0.0016581237622394960249 0
0.83936502667506272275 0.0016660170106770310357 0.0033320331886005682237
0.83769506991882895683 0.0016738937758230349237 0
0.83601724436019742944 0.0016817548285917199487 0.0033635104750017697209
0.83433156523064766315 0.0016896009006698663236 0
0.83263804785421137815 0.001697431088681033919 0.0033948613741046917538
0.83093670866038120921 0.0017052445277875926603 0
0.82922756413382128508 0.0017130419594045365627 0.0034260847078676769484
0.82751062981899357066 0.0017208240876634935735 0
0.82578592135139250684 0.0017285900391250130025 0.0034571793030424645128
0.82405345543521782334 0.0017363389770196221257 0
0.82231324883012358588 0.0017440716147624901254 0.0034881439912182762046
0.82056531739022080638 0.0017517886302926928749 0
0.81880967705918680055 0.0017594891786841725978 0.0035189776088657205262
0.81704634481438036983 0.0017671724499425942167 0
0.81527533768882490267 0.0017748391308774796383 0.0035496789973805134987
0.81349667184296771315 0.0017824898745047911448 0
0.81171036352540422664 0.0017901238630885259475 0.0035802470031270143714
0.80991642998499901828 0.0017977403122053270602 0
0.80811488852642435609 0.0018053398833573176145 0.0036106804774815746301
0.8063057556131664746 0.0018129232058216328506 0
0.80448904779548453552 0.0018204894878204648181 0.0036409782768756986764
0.80266478259199603631 0.0018280379693785504688 0
0.80083297757720701619 0.0018355692879012341681 0.0036711392628390145554
0.79899364951435592709 0.0018430840500331390743 0
0.79714681525211752676 0.0018505814888064121929 0.0037011623020420531167
0.79529249257701499939 0.0018580608676454687366 0
0.79343069933148306144 0.0018655228009893015133 0.0037310462663388340022
0.79156145257523220317 0.0018729678738848154335 0
0.78968476945210717919 0.0018803953431024461003 0.0037607900328092568595
0.7878006680145999256 0.0018878044944862181827 0
0.78590916637108300996 0.0018951959205656826042 0.0037903924838012961884
0.78401028187446161819 0.0019025701857591053305 0
0.78210403196050416472 0.0019099265695737847454 0.0038198525069729982349
0.7801904349456489621 0.0019172643793561167308 0
0.77826950920213374846 0.0019245841867156074544 0.0038491689953342783541
0.7763412723727806245 0.001931886536350485962 0
0.77440574218203167601 0.0019391707295680250663 0.003878340847288517272
0.77246293720816765893 0.0019464360943576037207 0
0.770512876085140493 0.0019536831823359806849 0.0039073669666739546834
0.76855557674240806547 0.0019609125193342054868 0
0.76659105718982990509 0.0019681234275820286236 0.003936246262804878629
0.76461933626534727149 0.0019753152549057690729 0
0.7626404328624002206 0.0019824885337995240255 0.0039649776505126091054
0.76065436519379536645 0.0019896437720285607279 0
0.75866115155154491307 0.0019967803119223504054 0.0039935600501862743674
0.7566608110309939343 0.0020038975203873718708 0
0.75465336278277251181 0.0020109959116123578159 0.0040219923878133783908
0.75263882529974070009 0.0020180759760506157711 0
0.75061721715278803003 0.0020251370753591076975 0.0040502735950201579699
0.74858855769233494673 0.0020321785948132493921 0
0.74655286632383414169 0.0020392010310649259853 0.0040784026091117279353
0.74451016181689355996 0.002046204857965262827 0
0.74246046301799231972 0.0020531894557731876626 0.0041063783731120129818
0.7404037895302288052 0.002060154227464018597 0
0.73834016101144414969 0.0020670996528761695284 0.0041341998358034646067
0.73626959650467656916 0.0020740261899275277324 0
0.73419211512869303465 0.0020809332367966936981 0.0041618659517665616659
0.73210773673680600632 0.0020878202135289730825 0
0.73001648123674650824 0.0020946875838308541182 0.0041893756814190930635
0.72791836794165173871 0.0021015357903180234958 0
0.72581341623925937456 0.0021083642484465320229 0.0042167279910552210986
0.72370164623056803138 0.0021151723947380795242 0
0.72158307807063789512 0.0021219606774099581908 0.0042439218528843240023
0.7194577313393587752 0.0021287295243714563267 0
0.71732562569010524412 0.002135478367751041279 0.0042709562450696162035
0.71518678146897230459 0.0021422066599869786556 0
0.71304121907572845534 0.0021489148344140285982 0.0042978301517665448748
0.71088895835365341701 0.0021556033047980896428 0
0.70873001921840708485 0.0021622715193695692448 0.0043245425631609613132
0.70656442225853129496 0.0021689189459548968841 0
0.70439218811582381554 0.0021755460035794117388 0.0043510924755070657235
0.7022133368935741544 0.0021821530923980726119 0
0.70002788876635723079 0.0021887396762049020371 0.0043774788911651239763
0.69783586456245430532 0.0021953052377153756983 0
0.69563728516295698599 0.0022018501821872689408 0.0044037008186389549258
0.69343217092776606059 0.0022083748966685408635 0
0.69122054228698160796 0.0022148788600084524502 0.0044297572726131868769
0.68900242030586086138 0.0022213615693397271008 0
0.68677782610199915404 0.0022278234166652857801 0.0044556472739902818017
0.6845467802884908279 0.0022342647764033980948 0
0.6823093035475509636 0.0022406851419781153265 0.0044813698499273259161
0.68006541717859497816 0.0022470840244931243869 0
0.67781514253287873634 0.0022534618031819859597 0.0045069240338725852313
0.67555850047325246611 0.0022598188402856884004 0
0.67329551193061517318 0.0022661546433486991051 0.0045323088656018247089
0.67102619843566994222 0.0022724687370232386962 0
0.66875058157043841678 0.0022787614882335613577 0.0045575233912543896536
0.66646868244406847877 0.0022850332474724702719 0
0.66418052223269053 0.0022912835359748439244 0.0045825666633690479878
0.6618861226953736037 0.0022975118915413328789 0
0.65958550564196025237 0.002303718669223130862 0.0046074377409195920619
0.65727869242441668682 0.002309904208172104342 0
0.65496570446063027537 0.0023160680429063378988 0.0046321356893501986622
0.65264656373506452395 0.0023222097239957253532 0
0.65032129228238927931 0.0023283295950323416507 0.004656659580610545887
0.64798991169388821859 0.0023344279842138680903 0
0.64565244362570897533 0.0023405044389557444156 0.0046810084931906855725
0.64330891028468967168 0.0023465585222375377725 0
0.64095933392728639782 0.0023525905665852276406 0.004705181512155669958
0.63860373638057752996 0.0023586008896098118859 0
0.63624213953545169356 0.0023645890512582545395 0.0047291777291799312876
0.63387456581805470263 0.00237055462657864148 0
0.63150103770354165535 0.0023764979374042409175 0.0047529962425814130595
0.62912157725124065866 0.0023824192911087719044 0
0.6267362065832392491 0.002388318259823679847 0.0047766361573554516371
0.62434494834187819585 0.0023941944303417189006 0
0.62194782521787938463 0.0024000481141583730734 0.0048000965852084069517
0.61954485949925325209 0.0024058796087424566424 0
0.6171360735357211818 0.0024116884980805022561 0.0048233766445910410308
0.61472149018266155245 0.0024174743804023572017 0
0.61230113234318698466 0.0024232375572032845069 0.0048464754607316430994
0.60987502253040023901 0.0024289783163635249428 0
0.6074431833180683778 0.0024346962534118986621 0.0048693921656689000083
0.60500563777140659123 0.0024403909777230927534 0
0.60256240900269946004 0.0024460627811133608972 0.0048921258982845107556
0.60011351974652934095 0.0024517119421755746473 0
0.59765899279709763216 0.002457338067683659445 0.0049146758043355438745
0.59519885142621319879 0.002462940777879326125 0
0.59273311895207215623 0.0024685203552056172303 0.0049370410364865364724
0.59026181832710094092 0.0024740770692549622138 0
0.58778497256230074564 0.0024796105377639211703 0.0049592207543413337152
0.58530260513278971057 0.0024851203915770285784 0
0.58281473955937444588 0.0024906069040553709439 0.0049812141244746675595
0.58032139900866714246 0.002496070336064374859 0
0.57782260670481106746 0.0025015103160346350721 0.0050030203204634735478
0.57531838632290901273 0.0025069264851621622502 0
0.57280876158303743356 0.0025123191080036069612 0.0050246385229179444874
0.57029375586231316413 0.0025176884369580780332 0
0.56777339259434070593 0.0025230341108946941836 0.005046067919512319849
0.5652476956508436638 0.0025283557811217374592 0
0.56271668894778905413 0.0025336537036559586038 0.0050673077050154097257
0.56018039606909452005 0.0025389281226787622808 0
0.55763884065412193394 0.0025441786872546432551 0.0050883570813208522065
0.55509204676781363858 0.0025494050585764318343 0
0.55254003851861024216 0.0025546074843732296064 0.0051092152574771030282
0.54998283969350373903 0.0025597862008459148055 0
0.54742047413388661617 0.0025649408670228968968 0.0051298814497171563759
0.54485296609448059543 0.0025700711537646972228 0
0.54228033987274614743 0.0025751773007533837067 0.0051503548814879957195
0.53970261945500067052 0.0025802595364356423342 0
0.53711982888091777977 0.0025853175295833926756 0.0051706347834797735753
0.53453199259152286191 0.0025903509605182816211 0
0.53193913506980666376 0.0025953600611049295431 0.0051907203936547190996
0.52934128049764071695 0.0026003450522518731574 0
0.52673845310920774012 0.0026053056122646072053 0.0052106109572757724262
0.52413067752832562199 0.0026102414307290946574 0
0.52151797841999082581 0.002615152731911629872 0.005230305726934944672
0.51890038015783561781 0.0026200397293888675202 0
0.51627790716675747776 0.0026249021107998645821 0.005249803962581402546
0.51365058424982107129 0.0026297395748073464575 0
0.51101843625046991011 0.0026345523382884653994 0.0052691049315492765055
0.50838148773028169157 0.002639340607684966845 0
0.50573976330105224198 0.0026441040797788678444 0.0052882079085851914147
0.50309328794151358522 0.0026488424621308910372 0
0.50044208666996435375 0.0026535559644287848273 0.0053071121758755186716
0.49778618423209071688 0.0026582447861675135853 0
0.49512560542274863085 0.0026629086330903854651 0.0053258170230733487788
0.49246037539272521714 0.0026675472214857066857 0
0.48979051933154987531 0.0026721607540425740227 0.0053443217473251833447
0.48711606216515890481 0.0026767494234888748343 0
0.48443702886760866589 0.0026813129443560262283 0.0053626256532973455128
0.48175344475809711167 0.002685851041497447135 0
0.47906533519372844899 0.0026903639107857785431 0.0053807280532021078252
0.47637272527680967864 0.0026948517383535041521 0
0.47367564015671664352 0.0026993142473550371918 0.0053986282668235365401
0.47097410531738268005 0.0027037511710539986556 0
0.46826814627980004343 0.0027081626986806150868 0.0054163256215430514317
0.46555778831874623703 0.0027125490099359774218 0
0.46284305675501480328 0.002716909836440060795 0.005433819452364700111
0.46012397723356864127 0.0027212449197189795666 0
0.4574005754355712925 0.0027255544425268087807 0.0054511091019401459197
0.45467287680435013069 0.0027298385782899399002 0
0.45194090682819410545 0.0027340970669437885408 0.0054681939205933684566
0.44920469130936028426 0.0027383296581361200127 0
0.44646425608543751494 0.0027425365283036945742 0.005485073266345075809
0.44371962676436233119 0.0027467178447479029971 0
0.44097082899797665813 0.0027508733555764500537 0.0055017465049368275724
0.43821788874206755184 0.0027550028184244612287 0
0.43546083198687474434 0.002759106403563122376 0.0055182130098548677502
0.43269968450098351345 0.0027631842723118306912 0
0.42993447209582657541 0.0027672361808140777033 0.0055344721623536666407
0.427165220876928788 0.0027712618945643148942 0
0.42439195698337867005 0.0027752615778131069413 0.0055505233514791708236
0.42161470634043051151 0.0027792353860344568748 0
0.41883349491512628455 0.0027831830832774883723 0.0055663659740917603748
0.41604834895890922438 0.0027871044427739245679 0
0.41325929475588762292 0.0027909996228921649086 0.0055819994348889124461
0.41046635838398613872 0.0027948687733912763151 0
0.40766956596185553077 0.0027987116661019253517 0.0055974231464275703576
0.40486894388301151147 0.0028025280818767725888 0
0.40206451857272696754 0.0028063181733342827743 0.0056126365291462173627
0.39925631625757979034 0.0028100820846431533183 0
0.39644436320381055312 0.0028138195952973047517 0.0056276390113866542567
0.39362868594313582359 0.002817530493659477239 0
0.39080931103811248515 0.0028212149267244609989 0.0056424300294154800103
0.38798626485993646708 0.0028248730331894935957 0
0.3851595738184011246 0.0028285046000990122367 0.0056570090274452746203
0.38232926457952728448 0.002832109423220226375 0
0.3794953638392505477 0.0028356876440447808529 0.0056713754576554833824
0.37665789810933207354 0.0028392393959119262484 0
0.37381689393906336318 0.0028427644733091973141 0.0056855287802130018011
0.37097237812484867302 0.0028462626793076951571 0
0.36812437749207309466 0.0028497341500109420258 0.005699468463292460363
0.3652729186889930548 0.0028531790135084442137 0
0.36241802840032642859 0.0028565970716285138405 0.0057131939830962084111
0.35955973354891657493 0.0028599881346503969391 0
0.35669806108564562917 0.0028633523333992204562 0.00572670482387399637
0.35383303779117863821 0.0028666897908179529502 0
0.35096469048157142204 0.0028700003159782568479 0.0057400004779423555815
0.34809304620213934739 0.0028732837262764178138 0
0.34521813202528664978 0.002876540147363797274 0.0057530804457036750229
0.34233997485998414555 0.0028797696971351785811 0
0.33945860164952100247 0.0028829721918128472379 0.0057659442356649741911
0.33657403955769545845 0.0028861474558234867608 0
0.33368631577443712757 0.002889295609744411191 0.0057785913644563714469
0.33079545733290403278 0.0028924167665158881631 0
0.32790149129949842406 0.0028955107494226173463 0.0057910213568492471258
0.32500444495249095259 0.0028985773898393347897 0
0.3221043455953188263 0.0029016168033642881283 0.0058032337457741007325
0.31920122038119350121 0.0029046290980723762061 0
0.31629509649549488407 0.0029076141042268518417 0.0058152280723381015486
0.31338600132693497717 0.0029105716600722979365 0
0.31047396228842044539 0.0029135018763183033289 0.0058270038858423319934
0.30755900664906770435 0.0029164048562591730297 0
0.30464116170908425001 0.0029192804370570398849 0.0058385607437987230902
0.30172045496357248225 0.0029221284637521204339 0
0.29879691393085074159 0.002924949042251332667 0.0058498982119466814015
0.29587056599177774942 0.0029277422711489320144 0
0.29294143855722440749 0.0029305079944302959548 0.0058610158642694068094
0.29000955922461337802 0.002933246063860915851 0
0.2870749556135979556 0.002935956580626751341 0.0058719132830099005256
0.28413765521260286153 0.0029386396386984542803 0
0.2811976855389846383 0.0029412950888129082201 0.0058825900586866627325
0.27825507428839759974 0.0029439227893942454762 0
0.27530984917773503422 0.0029465228369850396156 0.0058930457901090792634
0.27236203779879824109 0.0029490953210048108092 0
0.26941166777123859903 0.0029516400988739748268 0.0059032800843924967444
0.2664587668848356904 0.0029541570356122747023 0
0.26350336294961029706 0.0029566462231924567626 0.0059132925569729856313
0.26054548365653830226 0.0029591077465515235128 0
0.25758515672336262628 0.0029615414697290899582 0.0059230828316217905873
0.25462241002986466499 0.0029639472642809696662 0
0.25165727147506334932 0.0029663252176797458426 0.0059326505404594676575
0.24868976884489513122 0.002968675410444768247 0
0.24571992995097924421 0.0029709977131740430259 0.0059419953239697077108
0.24274778275895906835 0.0029732920039032978882 0
0.23977335525270618879 0.0029755583656708334662 0.0059511168310128456268
0.23679667530889214784 0.0029777968746395642685 0
0.23381777082878589318 0.0029800074079084958475 0.0059600147188390547234
0.23083666985973728064 0.0029821898499403981642 0
0.22785340046630959551 0.0029843442794014901771 0.0059686886531012259272
0.22486799061167309359 0.0029864707681559161381 0
0.22188046828250903625 0.0029885691997496041784 0.0059771383078675312031
0.21889086160370326039 0.002990639465022686466 0
0.21589919871633502719 0.0029926816383279186041 0.0059853633656336707716
0.21290550766582660133 0.0029946957872848755817 0
0.20990981652002393149 0.0029966818018355514748 0.0059933635173348036527
0.20691215347716404504 0.0029986395791508661208 0
0.20391254675065237177 0.0030005691893252380473 0.0060011384623571610896
0.20091102446390672961 0.0030024706957844923406 0
0.1979076147616804834 0.0030043439948189642839 0.0060086879085493424136
0.19490234591136345291 0.0030061889898868120592 0
0.19189524619448403102 0.003008005746875835676 0.0060160115722332929282
0.18888634380818996493 0.0030097943250656245548 0
0.18587566696987570627 0.0030115546270501801778 0.0060231091782149633973
0.18286324401187254797 0.0030132865625343004383 0
0.17984910327961592534 0.0030149901932475560407 0.00602998045979465074
0.17683327303970931023 0.0030166655743675807557 0
0.1738157815779134455 0.0030183126147503406739 0.0060366251587770195405
0.170796657287277541 0.0030199312303095564796 0
0.16777592857291611981 0.0030215214786617021295 0.0060430430254808039979
0.16475362376660618639 0.0030230834109235670647 0
0.1617297712181921098 0.0030246169421742831149 0.0060492338187481899521
0.15870439937720590592 0.0030261219945015948845 0
0.15567753670420187625 0.0030275986214508227269 0.0060551973059538766317
0.15264921159184097627 0.0030290468701159147341 0
0.14961945244976126852 0.0030304666617632070159 0.0060609332630138177842
0.1465882877797315897 0.0030318579246223287305 0
0.14355574609349603317 0.0030332207082062623685 0.0060664414743936418599
0.14052185584030313705 0.0030345550556210646954 0
0.13748664548528806302 0.0030358608942870919214 0.0060717217331167509334
0.13445014357820028761 0.0030371381585464242854 0
0.13141237867771370801 0.0030383868939154517257 0.0060767738407720980584
0.12837337928536189687 0.0030396071395442873274 0
0.12533317391747446969 0.003040798828976845359 0.0060815976075216427621
0.12229179116751584266 0.0030419619026408807184 0
0.11924925963682040116 0.0030430964020889177923 0.0060861928521074844015
0.11620560787489863606 0.0030442023625441171909 0
0.11316086444496653494 0.0030452797236461610176 0.0060905594018586731119
0.11011505797992890914 0.0030463284318843152335 0
0.10706821711950266111 0.0030473485248769947914 0.0060946970926976980917
0.10402037045686213085 0.0030483400339464840312 0
0.10097154659779677863 0.003049302904803068828 0.0060986057691466529805
0.097921774210369094856 0.0030502370899759356949 0
0.094871081968392542891 0.0030511426231762182707 0.0061022852843330780982
0.091819498504387909424 0.0030520195318485228915 0
0.088767052462401032609 0.0030528677677511601706 0.0061057354999954793256
0.085713772541361865531 0.003053687289434184367 0
0.082659687444887159628 0.0030544781267253863986 0.0061089562864885234199
0.079604825840523035551 0.0030552403032120477346 0
0.076549216406251045292 0.0030559737766804729887 0.0061119475227879095685
0.073492887867571556909 0.0030566785116850379409 0
0.070435868953604687199 0.0030573545341912740342 0.0061147090964949169991
0.067378188362597694378 0.0030580018639466745246 0
0.064319874802144240405 0.0030586204647480231405 0.0061172409038406284754
0.061260957020011896596 0.0030592103071399505776 0
0.058201463766518237239 0.0030597714132439866926 0.0061195428496898295184
0.055141423766285008075 0.0030603037989825812744 0
0.052080865752192070113 0.0030608074341479698784 0.0061216148475445832082
0.049019818489965487475 0.0030612822952634282516 0
0.045958310746809061779 0.0030617284006219430863 0.0061234568195474804312
0.042896371269390555837 0.0030621457623328941215 0
0.039834028811548447683 0.0030625343561714049027 0.0061250686964845654507
0.036771312152653748323 0.0030628941646302242386 0
0.033708250072480595123 0.0030632252021864764843 0.0061264504177879366912
0.030644871335413113412 0.0030635274771456900584 0
0.027581204711919784062 0.0030638009712557559977 0.0061276019315380226385
0.024517278990698844789 0.0030640456729721471511 0
0.021453122959774874514 0.0030642615929660466856 0.0061285231944655327693
0.018388765396918161689 0.0030644487357456084981 0
0.015324235084898185525 0.0030646070890237978177 0.0061292141719530834395
0.012259560817419175109 0.0030647366472144744863 0
0.0091947713864329108047 0.0030648374171900559707 0.0061296748380364986664
0.0061298955787657420365 0.0030649093996650654228 0
0.0030649621851593961529 0.0030649525883122639531 0.0061299051754057857592
0 0.0030649669835019662125 0
