0.99988469098611296269 0.00031065970735312227116 0
0.99930504173577213946 0.00087066873564898327466 0.0017832807216964329473
0.99812650615790408073 0.0014859768327860755619 0
0.99634011677195527935 0.0020825338368017101794 0.0041470332605624676353
0.99396719945502551773 0.0026624487229088857615 0
0.99101337147674432074 0.0032470845033178975492 0.0065044579689783628561
0.98747022467313511441 0.0038394920889413508383 0
0.98333625388462595693 0.0044267359787262601364 0.008846759826363947723
0.97861993780668187833 0.0050049071773823041093 0
0.97332682778991096374 0.0055816738810105079104 0.011168139460131128819
0.96745600846697249607 0.0061598080576822080918 0
0.96100879965205371892 0.006733331464067663664 0.013463047896718642598
0.9539919580781619496 0.0072993119428576276794 0
0.94641137485840281606 0.0078615942542360300919 0.015726030476024719322
0.93826930896267308866 0.0084220197312480687117 0
0.92956917213193957582 0.0089770073576640577765 0.017951715775697343085
0.92031789244761697497 0.0095243961904300557587 0
0.91052213707850280576 0.010066460395343631507 0.020134823153530209372
0.90018627798889409705 0.010604441550386195792 0
0.88931544599511410585 0.011135887311156097288 0.022270173808383254159
0.87791728107753637597 0.011659139097142441225 0
0.86599939815409281976 0.012175668403177345046 0.024352702568710873338
0.85356785878735590489 0.012686334821221385185 0
0.84062929625258036275 0.013189323606466863608 0.026377469715054658672
0.82719224396727355148 0.013683318738688468441 0
0.81326531512279755974 0.014169324279953862227 0.028339672614259483228
0.79885602656124727726 0.014647946234789005374 0
0.78397235894334140761 0.015117776782977270498 0.030234657072402478868
0.76862378571465103574 0.015577748559383985219 0
0.75281990726053189661 0.01602856966033502477 0.032057928354851553585
0.73656952967348276961 0.016470671202585881162 0
0.71988185017161082685 0.01690292947469715942 0.033805161837141609392
0.70276726453118311371 0.017324468370159902864 0
0.68523631305423324256 0.017735797814044094989 0.035472213256882383811
0.66729895151149848969 0.018137224743456999032 0
0.64896547125465733986 0.018527838288522764709 0.03705512854024004604
0.63024713616149633217 0.018906917124918082229 0
0.61115535517239325025 0.019274833321644122447 0.038550153178615629129
0.59170110374207367627 0.019631803732559727789 0
0.57189564620263403428 0.019977086366135099475 0.039953741132720341387
0.55175103665117194311 0.020310090780190268755 0
0.53127946401989454566 0.020631090565891423943 0.04126256324262352861
0.51049279563384886007 0.020940236159308965836 0
0.48940314570705295748 0.021236926112293743418 0.042473515123653589007
0.46802326391568295197 0.021520684883254653696 0
0.44636601725346408798 0.021791714348074258742 0.043583724529323453377
0.42444403601234335229 0.022050115267539105714 0
0.4022701579639916037 0.022295407911400905083 0.04459055816375656306
0.37985772118085032735 0.02252722086271531193 0
0.35722015833766811595 0.022745702930828072332 0.04549162792741814448
0.33437073142832464098 0.022950917088873771625 0
0.31132287199021095616 0.023142492588338894623 0.046284796581314417296
0.28809038968082029779 0.023320154932830106421 0
0.26468716220876741637 0.023484012973149019043 0.046968182816210017325
0.24112694942812117452 0.023634100178639198366 0
0.21742364374000708415 0.023770146130791994531 0.047540165714830308662
0.19359140218682155256 0.023891968619859257377 0
0.16964442042399281804 0.023999645633631508722 0.047999388596458307728
0.14559682013373760246 0.024093186578804836018 0
0.12146281929612055447 0.024172415588835556667 0.04834476223480295717
0.097256792616640077646 0.024237240068955797643 0
0.07299312178779903945 0.024287713152039169405 0.048575467441503426935
0.04868615284967977999 0.02432382322756809144 0
0.024350292663424432509 0.024345485341900831434 0.048690957009139720383
0 0.02435269546295407514 0
